   0.0039,   0.0109,   0.0225,   0.0379,   0.0587,   0.0823,   0.1082,   0.1407,   0.1785,   0.2165,   0.2628,   0.3152,   0.3601,   0.4228,   0.4851,   0.5547,   0.6248,   0.7056,   0.7873,   0.8793,   0.9711,   1.0756,   1.1868,   1.3048,   1.4508,   0.0000,   0.0000,   0.0000,   0.0000,   0.0000,   0.0000,   0.0000,   0.0000,   0.0000
   0.0039,   0.0109,   0.0224,   0.0379,   0.0586,   0.0822,   0.1083,   0.1408,   0.1785,   0.2164,   0.2627,   0.3149,   0.3601,   0.4226,   0.4847,   0.5545,   0.6251,   0.7058,   0.7875,   0.8792,   0.9704,   1.0741,   1.1866,   1.3045,   1.4476,   0.0000,   0.0000,   0.0000,   0.0000,   0.0000,   0.0000,   0.0000,   0.0000,   0.0000
   0.0039,   0.0109,   0.0224,   0.0379,   0.0586,   0.0821,   0.1085,   0.1409,   0.1784,   0.2164,   0.2626,   0.3147,   0.3600,   0.4223,   0.4847,   0.5544,   0.6256,   0.7057,   0.7878,   0.8788,   0.9698,   1.0733,   1.1863,   1.3041,   1.4485,   0.0000,   0.0000,   0.0000,   0.0000,   0.0000,   0.0000,   0.0000,   0.0000,   0.0000
   0.0039,   0.0110,   0.0224,   0.0379,   0.0585,   0.0821,   0.1086,   0.1409,   0.1784,   0.2164,   0.2624,   0.3141,   0.3607,   0.4222,   0.4845,   0.5543,   0.6253,   0.7056,   0.7885,   0.8775,   0.9698,   1.0733,   1.1861,   1.3039,   1.4485,   0.0000,   0.0000,   0.0000,   0.0000,   0.0000,   0.0000,   0.0000,   0.0000,   0.0000
   0.0039,   0.0110,   0.0224,   0.0379,   0.0585,   0.0820,   0.1086,   0.1409,   0.1782,   0.2164,   0.2628,   0.3127,   0.3628,   0.4218,   0.4845,   0.5536,   0.6255,   0.7048,   0.7881,   0.8770,   0.9700,   1.0738,   1.1851,   1.3043,   1.4458,   0.0000,   0.0000,   0.0000,   0.0000,   0.0000,   0.0000,   0.0000,   0.0000,   0.0000
   0.0039,   0.0109,   0.0224,   0.0379,   0.0585,   0.0820,   0.1087,   0.1410,   0.1780,   0.2167,   0.2629,   0.3108,   0.3643,   0.4218,   0.4845,   0.5534,   0.6254,   0.7047,   0.7879,   0.8772,   0.9703,   1.0734,   1.1851,   1.3047,   1.4477,   0.0000,   0.0000,   0.0000,   0.0000,   0.0000,   0.0000,   0.0000,   0.0000,   0.0000
   0.0039,   0.0109,   0.0224,   0.0379,   0.0584,   0.0821,   0.1087,   0.1410,   0.1779,   0.2166,   0.2627,   0.3106,   0.3644,   0.4217,   0.4845,   0.5533,   0.6249,   0.7047,   0.7877,   0.8774,   0.9707,   1.0743,   1.1846,   1.3038,   1.4478,   0.0000,   0.0000,   0.0000,   0.0000,   0.0000,   0.0000,   0.0000,   0.0000,   0.0000
   0.0039,   0.0109,   0.0224,   0.0379,   0.0583,   0.0820,   0.1087,   0.1409,   0.1777,   0.2167,   0.2626,   0.3104,   0.3641,   0.4218,   0.4846,   0.5526,   0.6249,   0.7047,   0.7870,   0.8771,   0.9708,   1.0754,   1.1845,   1.3036,   1.4490,   0.0000,   0.0000,   0.0000,   0.0000,   0.0000,   0.0000,   0.0000,   0.0000,   0.0000
   0.0039,   0.0109,   0.0224,   0.0380,   0.0583,   0.0820,   0.1088,   0.1407,   0.1776,   0.2167,   0.2623,   0.3102,   0.3641,   0.4218,   0.4844,   0.5526,   0.6248,   0.7047,   0.7858,   0.8774,   0.9715,   1.0767,   1.1844,   1.3038,   1.4502,   0.0000,   0.0000,   0.0000,   0.0000,   0.0000,   0.0000,   0.0000,   0.0000,   0.0000
   0.0039,   0.0109,   0.0224,   0.0380,   0.0582,   0.0820,   0.1087,   0.1406,   0.1776,   0.2167,   0.2624,   0.3100,   0.3639,   0.4219,   0.4843,   0.5524,   0.6241,   0.7040,   0.7856,   0.8771,   0.9721,   1.0767,   1.1840,   1.3034,   1.4484,   0.0000,   0.0000,   0.0000,   0.0000,   0.0000,   0.0000,   0.0000,   0.0000,   0.0000
   0.0039,   0.0109,   0.0224,   0.0380,   0.0582,   0.0820,   0.1087,   0.1406,   0.1774,   0.2166,   0.2622,   0.3100,   0.3640,   0.4220,   0.4839,   0.5523,   0.6242,   0.7035,   0.7858,   0.8777,   0.9722,   1.0756,   1.1832,   1.3029,   1.4466,   0.0000,   0.0000,   0.0000,   0.0000,   0.0000,   0.0000,   0.0000,   0.0000,   0.0000
   0.0039,   0.0109,   0.0224,   0.0380,   0.0581,   0.0820,   0.1086,   0.1406,   0.1773,   0.2165,   0.2621,   0.3096,   0.3640,   0.4219,   0.4835,   0.5525,   0.6237,   0.7037,   0.7857,   0.8777,   0.9722,   1.0743,   1.1820,   1.3018,   1.4475,   0.0000,   0.0000,   0.0000,   0.0000,   0.0000,   0.0000,   0.0000,   0.0000,   0.0000
   0.0039,   0.0109,   0.0224,   0.0379,   0.0581,   0.0820,   0.1085,   0.1404,   0.1772,   0.2163,   0.2621,   0.3094,   0.3638,   0.4219,   0.4832,   0.5523,   0.6236,   0.7037,   0.7859,   0.8775,   0.9721,   1.0744,   1.1818,   1.3017,   1.4467,   0.0000,   0.0000,   0.0000,   0.0000,   0.0000,   0.0000,   0.0000,   0.0000,   0.0000
   0.0039,   0.0109,   0.0224,   0.0379,   0.0581,   0.0819,   0.1085,   0.1404,   0.1770,   0.2163,   0.2619,   0.3093,   0.3637,   0.4219,   0.4831,   0.5523,   0.6240,   0.7031,   0.7854,   0.8772,   0.9715,   1.0745,   1.1809,   1.3032,   1.4447,   0.0000,   0.0000,   0.0000,   0.0000,   0.0000,   0.0000,   0.0000,   0.0000,   0.0000
   0.0038,   0.0109,   0.0223,   0.0380,   0.0580,   0.0819,   0.1084,   0.1403,   0.1769,   0.2162,   0.2618,   0.3092,   0.3634,   0.4219,   0.4828,   0.5526,   0.6240,   0.7024,   0.7858,   0.8771,   0.9715,   1.0737,   1.1798,   1.3027,   1.4434,   0.0000,   0.0000,   0.0000,   0.0000,   0.0000,   0.0000,   0.0000,   0.0000,   0.0000
   0.0038,   0.0109,   0.0224,   0.0380,   0.0579,   0.0819,   0.1083,   0.1402,   0.1767,   0.2161,   0.2618,   0.3093,   0.3630,   0.4217,   0.4829,   0.5519,   0.6237,   0.7018,   0.7859,   0.8767,   0.9717,   1.0734,   1.1799,   1.3009,   1.4430,   0.0000,   0.0000,   0.0000,   0.0000,   0.0000,   0.0000,   0.0000,   0.0000,   0.0000
   0.0038,   0.0109,   0.0224,   0.0380,   0.0579,   0.0819,   0.1082,   0.1401,   0.1764,   0.2160,   0.2618,   0.3093,   0.3630,   0.4214,   0.4826,   0.5516,   0.6236,   0.7019,   0.7856,   0.8762,   0.9712,   1.0739,   1.1800,   1.3004,   1.4429,   0.0000,   0.0000,   0.0000,   0.0000,   0.0000,   0.0000,   0.0000,   0.0000,   0.0000
   0.0038,   0.0109,   0.0224,   0.0380,   0.0578,   0.0819,   0.1081,   0.1400,   0.1764,   0.2158,   0.2618,   0.3092,   0.3623,   0.4212,   0.4826,   0.5518,   0.6235,   0.7020,   0.7852,   0.8759,   0.9713,   1.0740,   1.1806,   1.3002,   1.4405,   0.0000,   0.0000,   0.0000,   0.0000,   0.0000,   0.0000,   0.0000,   0.0000,   0.0000
   0.0038,   0.0109,   0.0224,   0.0380,   0.0577,   0.0818,   0.1081,   0.1397,   0.1763,   0.2157,   0.2618,   0.3093,   0.3623,   0.4211,   0.4825,   0.5514,   0.6233,   0.7017,   0.7853,   0.8754,   0.9708,   1.0750,   1.1821,   1.2992,   1.4399,   0.0000,   0.0000,   0.0000,   0.0000,   0.0000,   0.0000,   0.0000,   0.0000,   0.0000
   0.0037,   0.0109,   0.0224,   0.0381,   0.0576,   0.0819,   0.1080,   0.1396,   0.1762,   0.2157,   0.2617,   0.3093,   0.3625,   0.4208,   0.4823,   0.5512,   0.6230,   0.7012,   0.7847,   0.8748,   0.9708,   1.0741,   1.1811,   1.2971,   1.4369,   0.0000,   0.0000,   0.0000,   0.0000,   0.0000,   0.0000,   0.0000,   0.0000,   0.0000
   0.0037,   0.0109,   0.0223,   0.0381,   0.0576,   0.0819,   0.1080,   0.1395,   0.1761,   0.2155,   0.2616,   0.3093,   0.3627,   0.4205,   0.4819,   0.5507,   0.6231,   0.7011,   0.7846,   0.8744,   0.9711,   1.0742,   1.1804,   1.2956,   1.4330,   0.0000,   0.0000,   0.0000,   0.0000,   0.0000,   0.0000,   0.0000,   0.0000,   0.0000
   0.0037,   0.0109,   0.0223,   0.0381,   0.0575,   0.0819,   0.1079,   0.1394,   0.1761,   0.2154,   0.2612,   0.3094,   0.3629,   0.4198,   0.4814,   0.5503,   0.6230,   0.7011,   0.7839,   0.8735,   0.9700,   1.0740,   1.1810,   1.2952,   1.4290,   0.0000,   0.0000,   0.0000,   0.0000,   0.0000,   0.0000,   0.0000,   0.0000,   0.0000
   0.0037,   0.0108,   0.0223,   0.0380,   0.0575,   0.0819,   0.1078,   0.1394,   0.1758,   0.2151,   0.2611,   0.3094,   0.3629,   0.4195,   0.4813,   0.5501,   0.6230,   0.7013,   0.7841,   0.8728,   0.9694,   1.0738,   1.1795,   1.2936,   1.4267,   0.0000,   0.0000,   0.0000,   0.0000,   0.0000,   0.0000,   0.0000,   0.0000,   0.0000
   0.0037,   0.0108,   0.0223,   0.0380,   0.0574,   0.0818,   0.1076,   0.1394,   0.1758,   0.2151,   0.2610,   0.3091,   0.3629,   0.4192,   0.4807,   0.5503,   0.6229,   0.7014,   0.7842,   0.8731,   0.9694,   1.0722,   1.1770,   1.2919,   1.4260,   0.0000,   0.0000,   0.0000,   0.0000,   0.0000,   0.0000,   0.0000,   0.0000,   0.0000
   0.0036,   0.0108,   0.0223,   0.0380,   0.0574,   0.0818,   0.1075,   0.1393,   0.1754,   0.2149,   0.2606,   0.3087,   0.3630,   0.4188,   0.4808,   0.5495,   0.6232,   0.7015,   0.7837,   0.8732,   0.9683,   1.0715,   1.1761,   1.2904,   1.4255,   0.0000,   0.0000,   0.0000,   0.0000,   0.0000,   0.0000,   0.0000,   0.0000,   0.0000
   0.0036,   0.0108,   0.0223,   0.0380,   0.0574,   0.0818,   0.1072,   0.1394,   0.1751,   0.2148,   0.2603,   0.3084,   0.3628,   0.4184,   0.4811,   0.5491,   0.6230,   0.7015,   0.7839,   0.8728,   0.9673,   1.0700,   1.1739,   1.2879,   1.4226,   0.0000,   0.0000,   0.0000,   0.0000,   0.0000,   0.0000,   0.0000,   0.0000,   0.0000
   0.0036,   0.0108,   0.0223,   0.0380,   0.0573,   0.0816,   0.1070,   0.1393,   0.1749,   0.2146,   0.2600,   0.3081,   0.3624,   0.4181,   0.4809,   0.5490,   0.6228,   0.7014,   0.7839,   0.8728,   0.9663,   1.0692,   1.1730,   1.2845,   1.4203,   0.0000,   0.0000,   0.0000,   0.0000,   0.0000,   0.0000,   0.0000,   0.0000,   0.0000
   0.0036,   0.0108,   0.0222,   0.0379,   0.0572,   0.0816,   0.1068,   0.1391,   0.1750,   0.2144,   0.2598,   0.3078,   0.3621,   0.4177,   0.4811,   0.5487,   0.6220,   0.7007,   0.7830,   0.8727,   0.9652,   1.0684,   1.1719,   1.2800,   1.4160,   0.0000,   0.0000,   0.0000,   0.0000,   0.0000,   0.0000,   0.0000,   0.0000,   0.0000
   0.0036,   0.0108,   0.0222,   0.0379,   0.0572,   0.0815,   0.1066,   0.1390,   0.1747,   0.2142,   0.2599,   0.3075,   0.3615,   0.4177,   0.4819,   0.5484,   0.6218,   0.7007,   0.7826,   0.8727,   0.9643,   1.0662,   1.1684,   1.2750,   1.4119,   0.0000,   0.0000,   0.0000,   0.0000,   0.0000,   0.0000,   0.0000,   0.0000,   0.0000
   0.0036,   0.0108,   0.0222,   0.0379,   0.0571,   0.0814,   0.1065,   0.1387,   0.1748,   0.2142,   0.2595,   0.3071,   0.3613,   0.4176,   0.4817,   0.5486,   0.6215,   0.6998,   0.7818,   0.8720,   0.9628,   1.0638,   1.1651,   1.2725,   1.4053,   0.0000,   0.0000,   0.0000,   0.0000,   0.0000,   0.0000,   0.0000,   0.0000,   0.0000
   0.0036,   0.0108,   0.0222,   0.0379,   0.0570,   0.0813,   0.1065,   0.1387,   0.1745,   0.2139,   0.2593,   0.3070,   0.3613,   0.4175,   0.4823,   0.5480,   0.6210,   0.6989,   0.7809,   0.8722,   0.9595,   1.0626,   1.1621,   1.2674,   1.3946,   0.0000,   0.0000,   0.0000,   0.0000,   0.0000,   0.0000,   0.0000,   0.0000,   0.0000
   0.0036,   0.0108,   0.0221,   0.0378,   0.0569,   0.0812,   0.1065,   0.1387,   0.1745,   0.2138,   0.2591,   0.3072,   0.3610,   0.4174,   0.4817,   0.5482,   0.6201,   0.6980,   0.7806,   0.8723,   0.9584,   1.0600,   1.1586,   1.2607,   1.3839,   0.0000,   0.0000,   0.0000,   0.0000,   0.0000,   0.0000,   0.0000,   0.0000,   0.0000
   0.0036,   0.0108,   0.0221,   0.0378,   0.0568,   0.0811,   0.1066,   0.1386,   0.1746,   0.2136,   0.2588,   0.3069,   0.3609,   0.4173,   0.4812,   0.5484,   0.6199,   0.6968,   0.7795,   0.8718,   0.9574,   1.0572,   1.1546,   1.2552,   1.3753,   0.0000,   0.0000,   0.0000,   0.0000,   0.0000,   0.0000,   0.0000,   0.0000,   0.0000
   0.0036,   0.0108,   0.0221,   0.0378,   0.0568,   0.0811,   0.1065,   0.1386,   0.1745,   0.2135,   0.2586,   0.3068,   0.3607,   0.4171,   0.4815,   0.5481,   0.6196,   0.6963,   0.7789,   0.8702,   0.9550,   1.0535,   1.1516,   1.2512,   1.3647,   0.0000,   0.0000,   0.0000,   0.0000,   0.0000,   0.0000,   0.0000,   0.0000,   0.0000
   0.0036,   0.0108,   0.0221,   0.0378,   0.0568,   0.0810,   0.1065,   0.1388,   0.1742,   0.2134,   0.2583,   0.3067,   0.3605,   0.4170,   0.4813,   0.5479,   0.6199,   0.6960,   0.7786,   0.8682,   0.9529,   1.0489,   1.1478,   1.2468,   1.3565,   0.0000,   0.0000,   0.0000,   0.0000,   0.0000,   0.0000,   0.0000,   0.0000,   0.0000
   0.0036,   0.0107,   0.0221,   0.0377,   0.0568,   0.0809,   0.1065,   0.1389,   0.1741,   0.2133,   0.2581,   0.3066,   0.3607,   0.4169,   0.4809,   0.5470,   0.6193,   0.6940,   0.7777,   0.8665,   0.9506,   1.0484,   1.1437,   1.2416,   1.3467,   0.0000,   0.0000,   0.0000,   0.0000,   0.0000,   0.0000,   0.0000,   0.0000,   0.0000
   0.0036,   0.0107,   0.0221,   0.0377,   0.0567,   0.0809,   0.1065,   0.1391,   0.1739,   0.2131,   0.2578,   0.3064,   0.3606,   0.4166,   0.4804,   0.5467,   0.6192,   0.6930,   0.7768,   0.8649,   0.9496,   1.0440,   1.1405,   1.2342,   1.3373,   0.0000,   0.0000,   0.0000,   0.0000,   0.0000,   0.0000,   0.0000,   0.0000,   0.0000
   0.0036,   0.0107,   0.0221,   0.0377,   0.0567,   0.0809,   0.1065,   0.1390,   0.1737,   0.2128,   0.2576,   0.3060,   0.3604,   0.4161,   0.4798,   0.5467,   0.6191,   0.6925,   0.7761,   0.8621,   0.9510,   1.0399,   1.1371,   1.2275,   1.3292,   0.0000,   0.0000,   0.0000,   0.0000,   0.0000,   0.0000,   0.0000,   0.0000,   0.0000
   0.0036,   0.0107,   0.0221,   0.0376,   0.0567,   0.0808,   0.1064,   0.1389,   0.1735,   0.2126,   0.2575,   0.3054,   0.3603,   0.4161,   0.4795,   0.5458,   0.6186,   0.6921,   0.7737,   0.8590,   0.9498,   1.0385,   1.1306,   1.2221,   1.3233,   0.0000,   0.0000,   0.0000,   0.0000,   0.0000,   0.0000,   0.0000,   0.0000,   0.0000
   0.0036,   0.0107,   0.0221,   0.0376,   0.0567,   0.0807,   0.1063,   0.1388,   0.1734,   0.2124,   0.2574,   0.3051,   0.3598,   0.4157,   0.4792,   0.5451,   0.6180,   0.6914,   0.7727,   0.8568,   0.9482,   1.0368,   1.1265,   1.2170,   1.3171,   0.0000,   0.0000,   0.0000,   0.0000,   0.0000,   0.0000,   0.0000,   0.0000,   0.0000
   0.0036,   0.0106,   0.0220,   0.0376,   0.0567,   0.0807,   0.1063,   0.1389,   0.1731,   0.2122,   0.2569,   0.3048,   0.3594,   0.4152,   0.4785,   0.5448,   0.6177,   0.6902,   0.7708,   0.8547,   0.9480,   1.0356,   1.1210,   1.2111,   1.3120,   0.0000,   0.0000,   0.0000,   0.0000,   0.0000,   0.0000,   0.0000,   0.0000,   0.0000
   0.0036,   0.0106,   0.0220,   0.0375,   0.0567,   0.0806,   0.1062,   0.1387,   0.1729,   0.2120,   0.2569,   0.3043,   0.3590,   0.4146,   0.4776,   0.5442,   0.6168,   0.6898,   0.7696,   0.8533,   0.9460,   1.0342,   1.1174,   1.2044,   1.3074,   0.0000,   0.0000,   0.0000,   0.0000,   0.0000,   0.0000,   0.0000,   0.0000,   0.0000
   0.0036,   0.0106,   0.0220,   0.0375,   0.0567,   0.0806,   0.1061,   0.1385,   0.1728,   0.2119,   0.2565,   0.3039,   0.3586,   0.4144,   0.4770,   0.5441,   0.6165,   0.6888,   0.7683,   0.8506,   0.9441,   1.0308,   1.1127,   1.1988,   1.3042,   0.0000,   0.0000,   0.0000,   0.0000,   0.0000,   0.0000,   0.0000,   0.0000,   0.0000
   0.0036,   0.0106,   0.0220,   0.0375,   0.0567,   0.0806,   0.1060,   0.1384,   0.1726,   0.2116,   0.2561,   0.3036,   0.3583,   0.4139,   0.4769,   0.5438,   0.6159,   0.6881,   0.7674,   0.8492,   0.9397,   1.0308,   1.1083,   1.1954,   1.3006,   0.0000,   0.0000,   0.0000,   0.0000,   0.0000,   0.0000,   0.0000,   0.0000,   0.0000
   0.0036,   0.0106,   0.0220,   0.0374,   0.0567,   0.0805,   0.1059,   0.1382,   0.1725,   0.2113,   0.2558,   0.3035,   0.3579,   0.4139,   0.4767,   0.5428,   0.6154,   0.6871,   0.7669,   0.8473,   0.9368,   1.0300,   1.1053,   1.1896,   1.2969,   0.0000,   0.0000,   0.0000,   0.0000,   0.0000,   0.0000,   0.0000,   0.0000,   0.0000
   0.0036,   0.0106,   0.0220,   0.0374,   0.0565,   0.0804,   0.1058,   0.1382,   0.1725,   0.2112,   0.2556,   0.3036,   0.3576,   0.4137,   0.4769,   0.5427,   0.6151,   0.6857,   0.7662,   0.8460,   0.9340,   1.0267,   1.1032,   1.1852,   1.2911,   0.0000,   0.0000,   0.0000,   0.0000,   0.0000,   0.0000,   0.0000,   0.0000,   0.0000
   0.0036,   0.0106,   0.0220,   0.0373,   0.0565,   0.0803,   0.1058,   0.1380,   0.1724,   0.2110,   0.2554,   0.3035,   0.3574,   0.4137,   0.4759,   0.5423,   0.6143,   0.6847,   0.7649,   0.8446,   0.9311,   1.0236,   1.1000,   1.1796,   1.2854,   0.0000,   0.0000,   0.0000,   0.0000,   0.0000,   0.0000,   0.0000,   0.0000,   0.0000
   0.0036,   0.0106,   0.0220,   0.0373,   0.0563,   0.0803,   0.1057,   0.1379,   0.1724,   0.2108,   0.2553,   0.3034,   0.3572,   0.4136,   0.4756,   0.5421,   0.6135,   0.6845,   0.7645,   0.8428,   0.9280,   1.0202,   1.0949,   1.1755,   1.2797,   0.0000,   0.0000,   0.0000,   0.0000,   0.0000,   0.0000,   0.0000,   0.0000,   0.0000
   0.0036,   0.0106,   0.0221,   0.0373,   0.0562,   0.0803,   0.1058,   0.1379,   0.1724,   0.2106,   0.2549,   0.3035,   0.3570,   0.4136,   0.4754,   0.5414,   0.6130,   0.6833,   0.7626,   0.8424,   0.9264,   1.0166,   1.0914,   1.1712,   1.2739,   0.0000,   0.0000,   0.0000,   0.0000,   0.0000,   0.0000,   0.0000,   0.0000,   0.0000
   0.0036,   0.0105,   0.0221,   0.0372,   0.0561,   0.0803,   0.1056,   0.1378,   0.1722,   0.2104,   0.2548,   0.3033,   0.3567,   0.4134,   0.4750,   0.5409,   0.6122,   0.6829,   0.7619,   0.8421,   0.9260,   1.0121,   1.0896,   1.1660,   1.2692,   0.0000,   0.0000,   0.0000,   0.0000,   0.0000,   0.0000,   0.0000,   0.0000,   0.0000
   0.0036,   0.0105,   0.0221,   0.0372,   0.0560,   0.0803,   0.1056,   0.1374,   0.1721,   0.2104,   0.2546,   0.3032,   0.3566,   0.4131,   0.4746,   0.5410,   0.6114,   0.6818,   0.7607,   0.8417,   0.9259,   1.0073,   1.0865,   1.1597,   1.2635,   0.0000,   0.0000,   0.0000,   0.0000,   0.0000,   0.0000,   0.0000,   0.0000,   0.0000
   0.0036,   0.0105,   0.0221,   0.0372,   0.0558,   0.0803,   0.1055,   0.1373,   0.1720,   0.2107,   0.2543,   0.3031,   0.3563,   0.4126,   0.4741,   0.5406,   0.6110,   0.6808,   0.7591,   0.8405,   0.9234,   1.0034,   1.0829,   1.1605,   1.2604,   0.0000,   0.0000,   0.0000,   0.0000,   0.0000,   0.0000,   0.0000,   0.0000,   0.0000
   0.0036,   0.0105,   0.0221,   0.0372,   0.0558,   0.0801,   0.1054,   0.1372,   0.1718,   0.2109,   0.2539,   0.3029,   0.3560,   0.4119,   0.4732,   0.5402,   0.6112,   0.6790,   0.7587,   0.8401,   0.9209,   1.0005,   1.0802,   1.1562,   1.2599,   0.0000,   0.0000,   0.0000,   0.0000,   0.0000,   0.0000,   0.0000,   0.0000,   0.0000
   0.0036,   0.0105,   0.0221,   0.0371,   0.0557,   0.0801,   0.1054,   0.1369,   0.1716,   0.2108,   0.2537,   0.3029,   0.3555,   0.4113,   0.4736,   0.5400,   0.6108,   0.6785,   0.7587,   0.8384,   0.9190,   0.9980,   1.0772,   1.1532,   1.2596,   0.0000,   0.0000,   0.0000,   0.0000,   0.0000,   0.0000,   0.0000,   0.0000,   0.0000
   0.0036,   0.0105,   0.0221,   0.0371,   0.0558,   0.0799,   0.1053,   0.1367,   0.1713,   0.2110,   0.2535,   0.3028,   0.3550,   0.4108,   0.4730,   0.5394,   0.6105,   0.6771,   0.7578,   0.8382,   0.9174,   0.9953,   1.0753,   1.1491,   1.2604,   0.0000,   0.0000,   0.0000,   0.0000,   0.0000,   0.0000,   0.0000,   0.0000,   0.0000
   0.0036,   0.0105,   0.0222,   0.0370,   0.0558,   0.0799,   0.1052,   0.1367,   0.1712,   0.2109,   0.2533,   0.3025,   0.3546,   0.4105,   0.4729,   0.5392,   0.6104,   0.6764,   0.7587,   0.8356,   0.9149,   0.9940,   1.0720,   1.1455,   1.2619,   0.0000,   0.0000,   0.0000,   0.0000,   0.0000,   0.0000,   0.0000,   0.0000,   0.0000
   0.0036,   0.0105,   0.0222,   0.0370,   0.0557,   0.0797,   0.1053,   0.1367,   0.1712,   0.2108,   0.2532,   0.3024,   0.3543,   0.4100,   0.4728,   0.5390,   0.6106,   0.6760,   0.7584,   0.8347,   0.9108,   0.9929,   1.0704,   1.1442,   1.2632,   0.0000,   0.0000,   0.0000,   0.0000,   0.0000,   0.0000,   0.0000,   0.0000,   0.0000
   0.0036,   0.0105,   0.0222,   0.0369,   0.0557,   0.0797,   0.1053,   0.1367,   0.1712,   0.2109,   0.2530,   0.3024,   0.3538,   0.4100,   0.4726,   0.5383,   0.6096,   0.6759,   0.7573,   0.8340,   0.9091,   0.9907,   1.0689,   1.1435,   1.2663,   0.0000,   0.0000,   0.0000,   0.0000,   0.0000,   0.0000,   0.0000,   0.0000,   0.0000
   0.0036,   0.0105,   0.0222,   0.0369,   0.0557,   0.0797,   0.1055,   0.1364,   0.1712,   0.2108,   0.2531,   0.3026,   0.3534,   0.4100,   0.4721,   0.5381,   0.6087,   0.6754,   0.7561,   0.8343,   0.9077,   0.9882,   1.0675,   1.1394,   1.2679,   0.0000,   0.0000,   0.0000,   0.0000,   0.0000,   0.0000,   0.0000,   0.0000,   0.0000
   0.0036,   0.0105,   0.0222,   0.0369,   0.0557,   0.0799,   0.1055,   0.1362,   0.1710,   0.2107,   0.2530,   0.3024,   0.3531,   0.4101,   0.4721,   0.5377,   0.6078,   0.6765,   0.7557,   0.8329,   0.9077,   0.9872,   1.0666,   1.1386,   1.2687,   0.0000,   0.0000,   0.0000,   0.0000,   0.0000,   0.0000,   0.0000,   0.0000,   0.0000
   0.0036,   0.0105,   0.0221,   0.0368,   0.0557,   0.0800,   0.1055,   0.1362,   0.1709,   0.2108,   0.2530,   0.3024,   0.3531,   0.4101,   0.4720,   0.5375,   0.6074,   0.6757,   0.7549,   0.8333,   0.9074,   0.9859,   1.0660,   1.1391,   1.2694,   0.0000,   0.0000,   0.0000,   0.0000,   0.0000,   0.0000,   0.0000,   0.0000,   0.0000
   0.0036,   0.0105,   0.0221,   0.0368,   0.0556,   0.0802,   0.1055,   0.1361,   0.1709,   0.2107,   0.2529,   0.3024,   0.3530,   0.4097,   0.4719,   0.5378,   0.6071,   0.6757,   0.7568,   0.8329,   0.9069,   0.9857,   1.0663,   1.1401,   1.2695,   0.0000,   0.0000,   0.0000,   0.0000,   0.0000,   0.0000,   0.0000,   0.0000,   0.0000
   0.0036,   0.0105,   0.0221,   0.0367,   0.0556,   0.0802,   0.1055,   0.1359,   0.1708,   0.2109,   0.2529,   0.3023,   0.3529,   0.4094,   0.4718,   0.5382,   0.6065,   0.6748,   0.7566,   0.8336,   0.9076,   0.9849,   1.0662,   1.1410,   1.2703,   0.0000,   0.0000,   0.0000,   0.0000,   0.0000,   0.0000,   0.0000,   0.0000,   0.0000
   0.0036,   0.0105,   0.0221,   0.0367,   0.0556,   0.0804,   0.1055,   0.1356,   0.1706,   0.2112,   0.2529,   0.3023,   0.3528,   0.4093,   0.4715,   0.5386,   0.6057,   0.6744,   0.7562,   0.8335,   0.9099,   0.9846,   1.0656,   1.1410,   1.2716,   0.0000,   0.0000,   0.0000,   0.0000,   0.0000,   0.0000,   0.0000,   0.0000,   0.0000
   0.0036,   0.0105,   0.0221,   0.0367,   0.0557,   0.0804,   0.1056,   0.1355,   0.1705,   0.2111,   0.2527,   0.3022,   0.3527,   0.4094,   0.4713,   0.5378,   0.6063,   0.6734,   0.7566,   0.8325,   0.9109,   0.9855,   1.0656,   1.1414,   1.2738,   0.0000,   0.0000,   0.0000,   0.0000,   0.0000,   0.0000,   0.0000,   0.0000,   0.0000
   0.0036,   0.0105,   0.0221,   0.0366,   0.0558,   0.0805,   0.1055,   0.1355,   0.1703,   0.2108,   0.2524,   0.3019,   0.3528,   0.4094,   0.4713,   0.5379,   0.6062,   0.6729,   0.7569,   0.8314,   0.9124,   0.9871,   1.0652,   1.1421,   1.2757,   0.0000,   0.0000,   0.0000,   0.0000,   0.0000,   0.0000,   0.0000,   0.0000,   0.0000
   0.0036,   0.0105,   0.0221,   0.0366,   0.0558,   0.0806,   0.1056,   0.1355,   0.1702,   0.2107,   0.2526,   0.3018,   0.3525,   0.4091,   0.4712,   0.5374,   0.6061,   0.6719,   0.7571,   0.8315,   0.9131,   0.9864,   1.0649,   1.1433,   1.2779,   0.0000,   0.0000,   0.0000,   0.0000,   0.0000,   0.0000,   0.0000,   0.0000,   0.0000
   0.0036,   0.0105,   0.0221,   0.0366,   0.0559,   0.0804,   0.1056,   0.1355,   0.1702,   0.2107,   0.2527,   0.3018,   0.3524,   0.4089,   0.4708,   0.5374,   0.6065,   0.6718,   0.7568,   0.8314,   0.9131,   0.9879,   1.0656,   1.1441,   1.2800,   0.0000,   0.0000,   0.0000,   0.0000,   0.0000,   0.0000,   0.0000,   0.0000,   0.0000
   0.0036,   0.0105,   0.0220,   0.0365,   0.0559,   0.0804,   0.1056,   0.1355,   0.1702,   0.2106,   0.2528,   0.3015,   0.3525,   0.4091,   0.4708,   0.5373,   0.6067,   0.6715,   0.7536,   0.8314,   0.9133,   0.9892,   1.0676,   1.1451,   1.2818,   0.0000,   0.0000,   0.0000,   0.0000,   0.0000,   0.0000,   0.0000,   0.0000,   0.0000
   0.0036,   0.0105,   0.0220,   0.0366,   0.0559,   0.0804,   0.1056,   0.1355,   0.1702,   0.2104,   0.2529,   0.3011,   0.3526,   0.4092,   0.4700,   0.5370,   0.6075,   0.6715,   0.7535,   0.8311,   0.9136,   0.9875,   1.0682,   1.1468,   1.2836,   0.0000,   0.0000,   0.0000,   0.0000,   0.0000,   0.0000,   0.0000,   0.0000,   0.0000
   0.0036,   0.0105,   0.0220,   0.0366,   0.0559,   0.0805,   0.1058,   0.1355,   0.1703,   0.2102,   0.2525,   0.3010,   0.3525,   0.4091,   0.4705,   0.5357,   0.6057,   0.6719,   0.7539,   0.8314,   0.9137,   0.9851,   1.0691,   1.1495,   1.2849,   0.0000,   0.0000,   0.0000,   0.0000,   0.0000,   0.0000,   0.0000,   0.0000,   0.0000
   0.0036,   0.0105,   0.0220,   0.0366,   0.0558,   0.0804,   0.1058,   0.1354,   0.1704,   0.2100,   0.2528,   0.3009,   0.3523,   0.4087,   0.4706,   0.5362,   0.6056,   0.6706,   0.7533,   0.8312,   0.9141,   0.9855,   1.0717,   1.1524,   1.2849,   0.0000,   0.0000,   0.0000,   0.0000,   0.0000,   0.0000,   0.0000,   0.0000,   0.0000
   0.0036,   0.0105,   0.0220,   0.0367,   0.0558,   0.0803,   0.1059,   0.1354,   0.1704,   0.2101,   0.2528,   0.3008,   0.3520,   0.4089,   0.4709,   0.5355,   0.6056,   0.6711,   0.7535,   0.8298,   0.9143,   0.9860,   1.0748,   1.1554,   1.2844,   0.0000,   0.0000,   0.0000,   0.0000,   0.0000,   0.0000,   0.0000,   0.0000,   0.0000
   0.0036,   0.0105,   0.0219,   0.0367,   0.0559,   0.0801,   0.1059,   0.1355,   0.1704,   0.2099,   0.2527,   0.3007,   0.3520,   0.4090,   0.4699,   0.5360,   0.6052,   0.6721,   0.7536,   0.8293,   0.9144,   0.9878,   1.0770,   1.1577,   1.2838,   0.0000,   0.0000,   0.0000,   0.0000,   0.0000,   0.0000,   0.0000,   0.0000,   0.0000
   0.0036,   0.0105,   0.0219,   0.0368,   0.0560,   0.0803,   0.1061,   0.1353,   0.1703,   0.2097,   0.2525,   0.3004,   0.3522,   0.4093,   0.4696,   0.5357,   0.6045,   0.6729,   0.7537,   0.8290,   0.9154,   0.9884,   1.0790,   1.1601,   1.2824,   0.0000,   0.0000,   0.0000,   0.0000,   0.0000,   0.0000,   0.0000,   0.0000,   0.0000
   0.0036,   0.0106,   0.0219,   0.0368,   0.0561,   0.0802,   0.1062,   0.1354,   0.1703,   0.2096,   0.2524,   0.3005,   0.3518,   0.4096,   0.4695,   0.5349,   0.6044,   0.6752,   0.7547,   0.8274,   0.9169,   0.9894,   1.0805,   1.1630,   1.2812,   0.0000,   0.0000,   0.0000,   0.0000,   0.0000,   0.0000,   0.0000,   0.0000,   0.0000
   0.0036,   0.0106,   0.0219,   0.0368,   0.0562,   0.0803,   0.1061,   0.1353,   0.1702,   0.2095,   0.2523,   0.3005,   0.3516,   0.4101,   0.4700,   0.5342,   0.6034,   0.6756,   0.7545,   0.8273,   0.9171,   0.9939,   1.0830,   1.1657,   1.2777,   0.0000,   0.0000,   0.0000,   0.0000,   0.0000,   0.0000,   0.0000,   0.0000,   0.0000
   0.0036,   0.0106,   0.0218,   0.0369,   0.0564,   0.0800,   0.1060,   0.1352,   0.1701,   0.2095,   0.2526,   0.3004,   0.3515,   0.4106,   0.4696,   0.5344,   0.6059,   0.6774,   0.7534,   0.8276,   0.9175,   0.9987,   1.0854,   1.1675,   1.2764,   0.0000,   0.0000,   0.0000,   0.0000,   0.0000,   0.0000,   0.0000,   0.0000,   0.0000
   0.0036,   0.0106,   0.0218,   0.0369,   0.0567,   0.0800,   0.1058,   0.1352,   0.1700,   0.2096,   0.2525,   0.3000,   0.3514,   0.4111,   0.4695,   0.5324,   0.6058,   0.6799,   0.7540,   0.8278,   0.9181,   1.0012,   1.0877,   1.1688,   1.2734,   0.0000,   0.0000,   0.0000,   0.0000,   0.0000,   0.0000,   0.0000,   0.0000,   0.0000
   0.0036,   0.0106,   0.0218,   0.0370,   0.0568,   0.0799,   0.1057,   0.1354,   0.1700,   0.2096,   0.2527,   0.2997,   0.3515,   0.4111,   0.4694,   0.5323,   0.6057,   0.6800,   0.7547,   0.8293,   0.9189,   1.0036,   1.0894,   1.1699,   1.2723,   0.0000,   0.0000,   0.0000,   0.0000,   0.0000,   0.0000,   0.0000,   0.0000,   0.0000
   0.0036,   0.0106,   0.0218,   0.0370,   0.0569,   0.0800,   0.1055,   0.1353,   0.1699,   0.2097,   0.2526,   0.2995,   0.3515,   0.4108,   0.4703,   0.5320,   0.6059,   0.6814,   0.7552,   0.8290,   0.9195,   1.0057,   1.0918,   1.1721,   1.2726,   0.0000,   0.0000,   0.0000,   0.0000,   0.0000,   0.0000,   0.0000,   0.0000,   0.0000
   0.0036,   0.0106,   0.0218,   0.0371,   0.0570,   0.0797,   0.1053,   0.1356,   0.1699,   0.2098,   0.2526,   0.2995,   0.3512,   0.4108,   0.4703,   0.5317,   0.6061,   0.6818,   0.7563,   0.8297,   0.9202,   1.0064,   1.0947,   1.1750,   1.2738,   0.0000,   0.0000,   0.0000,   0.0000,   0.0000,   0.0000,   0.0000,   0.0000,   0.0000
   0.0036,   0.0107,   0.0219,   0.0372,   0.0571,   0.0796,   0.1052,   0.1356,   0.1698,   0.2098,   0.2526,   0.2997,   0.3513,   0.4108,   0.4701,   0.5319,   0.6057,   0.6804,   0.7571,   0.8322,   0.9196,   1.0076,   1.0966,   1.1782,   1.2778,   0.0000,   0.0000,   0.0000,   0.0000,   0.0000,   0.0000,   0.0000,   0.0000,   0.0000
   0.0036,   0.0107,   0.0218,   0.0372,   0.0573,   0.0795,   0.1052,   0.1358,   0.1697,   0.2098,   0.2524,   0.2997,   0.3512,   0.4103,   0.4701,   0.5324,   0.6054,   0.6811,   0.7575,   0.8334,   0.9206,   1.0088,   1.0991,   1.1801,   1.2834,   0.0000,   0.0000,   0.0000,   0.0000,   0.0000,   0.0000,   0.0000,   0.0000,   0.0000
   0.0036,   0.0107,   0.0219,   0.0373,   0.0573,   0.0796,   0.1052,   0.1360,   0.1696,   0.2098,   0.2524,   0.2998,   0.3513,   0.4101,   0.4699,   0.5330,   0.6044,   0.6798,   0.7596,   0.8338,   0.9211,   1.0107,   1.1001,   1.1842,   1.2877,   0.0000,   0.0000,   0.0000,   0.0000,   0.0000,   0.0000,   0.0000,   0.0000,   0.0000
   0.0036,   0.0107,   0.0218,   0.0373,   0.0573,   0.0794,   0.1052,   0.1362,   0.1699,   0.2097,   0.2523,   0.3004,   0.3512,   0.4100,   0.4699,   0.5351,   0.6041,   0.6800,   0.7605,   0.8347,   0.9222,   1.0122,   1.1012,   1.1875,   1.2926,   0.0000,   0.0000,   0.0000,   0.0000,   0.0000,   0.0000,   0.0000,   0.0000,   0.0000
   0.0036,   0.0108,   0.0218,   0.0373,   0.0573,   0.0795,   0.1053,   0.1363,   0.1698,   0.2097,   0.2523,   0.3008,   0.3512,   0.4097,   0.4701,   0.5359,   0.6038,   0.6810,   0.7616,   0.8386,   0.9245,   1.0125,   1.1023,   1.1909,   1.2956,   0.0000,   0.0000,   0.0000,   0.0000,   0.0000,   0.0000,   0.0000,   0.0000,   0.0000
   0.0036,   0.0108,   0.0219,   0.0373,   0.0573,   0.0793,   0.1054,   0.1365,   0.1700,   0.2096,   0.2524,   0.3010,   0.3511,   0.4101,   0.4702,   0.5365,   0.6042,   0.6800,   0.7622,   0.8415,   0.9259,   1.0134,   1.1049,   1.1948,   1.2969,   0.0000,   0.0000,   0.0000,   0.0000,   0.0000,   0.0000,   0.0000,   0.0000,   0.0000
   0.0036,   0.0108,   0.0219,   0.0374,   0.0573,   0.0795,   0.1055,   0.1365,   0.1701,   0.2095,   0.2525,   0.3012,   0.3513,   0.4099,   0.4704,   0.5365,   0.6047,   0.6802,   0.7630,   0.8432,   0.9270,   1.0154,   1.1068,   1.1979,   1.2998,   0.0000,   0.0000,   0.0000,   0.0000,   0.0000,   0.0000,   0.0000,   0.0000,   0.0000
   0.0036,   0.0108,   0.0219,   0.0374,   0.0573,   0.0796,   0.1055,   0.1366,   0.1703,   0.2094,   0.2525,   0.3010,   0.3516,   0.4097,   0.4705,   0.5368,   0.6055,   0.6807,   0.7641,   0.8444,   0.9300,   1.0178,   1.1089,   1.2007,   1.2999,   0.0000,   0.0000,   0.0000,   0.0000,   0.0000,   0.0000,   0.0000,   0.0000,   0.0000
   0.0036,   0.0108,   0.0219,   0.0374,   0.0573,   0.0797,   0.1056,   0.1367,   0.1706,   0.2094,   0.2526,   0.3013,   0.3521,   0.4097,   0.4705,   0.5373,   0.6062,   0.6813,   0.7654,   0.8451,   0.9312,   1.0190,   1.1109,   1.2037,   1.3016,   0.0000,   0.0000,   0.0000,   0.0000,   0.0000,   0.0000,   0.0000,   0.0000,   0.0000
   0.0036,   0.0109,   0.0220,   0.0375,   0.0573,   0.0798,   0.1056,   0.1368,   0.1709,   0.2093,   0.2528,   0.3012,   0.3526,   0.4098,   0.4705,   0.5377,   0.6067,   0.6820,   0.7656,   0.8474,   0.9331,   1.0207,   1.1148,   1.2059,   1.3037,   0.0000,   0.0000,   0.0000,   0.0000,   0.0000,   0.0000,   0.0000,   0.0000,   0.0000
   0.0036,   0.0109,   0.0220,   0.0375,   0.0573,   0.0801,   0.1056,   0.1367,   0.1708,   0.2096,   0.2529,   0.3010,   0.3531,   0.4099,   0.4708,   0.5374,   0.6071,   0.6830,   0.7666,   0.8497,   0.9345,   1.0242,   1.1178,   1.2089,   1.3086,   0.0000,   0.0000,   0.0000,   0.0000,   0.0000,   0.0000,   0.0000,   0.0000,   0.0000
   0.0036,   0.0109,   0.0220,   0.0375,   0.0573,   0.0802,   0.1056,   0.1368,   0.1713,   0.2098,   0.2529,   0.3010,   0.3537,   0.4101,   0.4710,   0.5370,   0.6078,   0.6844,   0.7667,   0.8482,   0.9351,   1.0282,   1.1207,   1.2128,   1.3149,   0.0000,   0.0000,   0.0000,   0.0000,   0.0000,   0.0000,   0.0000,   0.0000,   0.0000
   0.0036,   0.0109,   0.0221,   0.0375,   0.0574,   0.0805,   0.1056,   0.1367,   0.1714,   0.2101,   0.2528,   0.3011,   0.3543,   0.4103,   0.4714,   0.5372,   0.6077,   0.6845,   0.7677,   0.8493,   0.9372,   1.0309,   1.1234,   1.2154,   1.3224,   0.0000,   0.0000,   0.0000,   0.0000,   0.0000,   0.0000,   0.0000,   0.0000,   0.0000
   0.0036,   0.0109,   0.0221,   0.0375,   0.0574,   0.0806,   0.1056,   0.1368,   0.1715,   0.2105,   0.2528,   0.3013,   0.3546,   0.4108,   0.4720,   0.5381,   0.6077,   0.6851,   0.7682,   0.8514,   0.9385,   1.0340,   1.1263,   1.2192,   1.3275,   0.0000,   0.0000,   0.0000,   0.0000,   0.0000,   0.0000,   0.0000,   0.0000,   0.0000
   0.0036,   0.0110,   0.0221,   0.0375,   0.0574,   0.0806,   0.1056,   0.1368,   0.1717,   0.2109,   0.2531,   0.3015,   0.3547,   0.4112,   0.4728,   0.5389,   0.6079,   0.6857,   0.7684,   0.8522,   0.9405,   1.0362,   1.1293,   1.2219,   1.3327,   0.0000,   0.0000,   0.0000,   0.0000,   0.0000,   0.0000,   0.0000,   0.0000,   0.0000
   0.0036,   0.0110,   0.0222,   0.0375,   0.0574,   0.0807,   0.1058,   0.1369,   0.1720,   0.2111,   0.2534,   0.3020,   0.3546,   0.4117,   0.4733,   0.5394,   0.6079,   0.6864,   0.7690,   0.8538,   0.9424,   1.0392,   1.1337,   1.2269,   1.3370,   0.0000,   0.0000,   0.0000,   0.0000,   0.0000,   0.0000,   0.0000,   0.0000,   0.0000
   0.0037,   0.0110,   0.0222,   0.0376,   0.0575,   0.0808,   0.1059,   0.1368,   0.1723,   0.2115,   0.2537,   0.3024,   0.3543,   0.4119,   0.4739,   0.5398,   0.6086,   0.6874,   0.7701,   0.8543,   0.9447,   1.0415,   1.1367,   1.2318,   1.3385,   0.0000,   0.0000,   0.0000,   0.0000,   0.0000,   0.0000,   0.0000,   0.0000,   0.0000
   0.0037,   0.0110,   0.0222,   0.0376,   0.0575,   0.0809,   0.1062,   0.1368,   0.1724,   0.2116,   0.2542,   0.3027,   0.3542,   0.4125,   0.4740,   0.5407,   0.6091,   0.6881,   0.7717,   0.8542,   0.9467,   1.0433,   1.1405,   1.2373,   1.3417,   0.0000,   0.0000,   0.0000,   0.0000,   0.0000,   0.0000,   0.0000,   0.0000,   0.0000
   0.0037,   0.0110,   0.0223,   0.0376,   0.0576,   0.0809,   0.1064,   0.1370,   0.1725,   0.2117,   0.2545,   0.3031,   0.3545,   0.4133,   0.4745,   0.5417,   0.6097,   0.6881,   0.7731,   0.8561,   0.9479,   1.0461,   1.1423,   1.2413,   1.3433,   0.0000,   0.0000,   0.0000,   0.0000,   0.0000,   0.0000,   0.0000,   0.0000,   0.0000
   0.0037,   0.0110,   0.0223,   0.0377,   0.0576,   0.0809,   0.1066,   0.1371,   0.1728,   0.2118,   0.2551,   0.3034,   0.3547,   0.4138,   0.4746,   0.5419,   0.6106,   0.6894,   0.7742,   0.8573,   0.9492,   1.0467,   1.1453,   1.2468,   1.3455,   0.0000,   0.0000,   0.0000,   0.0000,   0.0000,   0.0000,   0.0000,   0.0000,   0.0000
   0.0037,   0.0110,   0.0223,   0.0377,   0.0576,   0.0810,   0.1069,   0.1372,   0.1730,   0.2119,   0.2555,   0.3036,   0.3548,   0.4142,   0.4747,   0.5424,   0.6113,   0.6901,   0.7750,   0.8580,   0.9510,   1.0478,   1.1478,   1.2512,   1.3483,   0.0000,   0.0000,   0.0000,   0.0000,   0.0000,   0.0000,   0.0000,   0.0000,   0.0000
   0.0037,   0.0110,   0.0224,   0.0377,   0.0576,   0.0810,   0.1072,   0.1373,   0.1732,   0.2118,   0.2557,   0.3038,   0.3552,   0.4147,   0.4749,   0.5428,   0.6122,   0.6911,   0.7759,   0.8604,   0.9526,   1.0503,   1.1511,   1.2557,   1.3541,   0.0000,   0.0000,   0.0000,   0.0000,   0.0000,   0.0000,   0.0000,   0.0000,   0.0000
   0.0037,   0.0110,   0.0224,   0.0378,   0.0576,   0.0813,   0.1071,   0.1375,   0.1731,   0.2119,   0.2563,   0.3038,   0.3556,   0.4150,   0.4753,   0.5436,   0.6132,   0.6917,   0.7764,   0.8621,   0.9546,   1.0525,   1.1520,   1.2593,   1.3589,   0.0000,   0.0000,   0.0000,   0.0000,   0.0000,   0.0000,   0.0000,   0.0000,   0.0000
   0.0037,   0.0110,   0.0224,   0.0378,   0.0576,   0.0812,   0.1073,   0.1377,   0.1731,   0.2119,   0.2564,   0.3041,   0.3565,   0.4157,   0.4756,   0.5443,   0.6144,   0.6921,   0.7774,   0.8639,   0.9566,   1.0546,   1.1560,   1.2621,   1.3648,   0.0000,   0.0000,   0.0000,   0.0000,   0.0000,   0.0000,   0.0000,   0.0000,   0.0000
   0.0037,   0.0111,   0.0224,   0.0379,   0.0576,   0.0812,   0.1074,   0.1381,   0.1733,   0.2119,   0.2565,   0.3043,   0.3570,   0.4158,   0.4760,   0.5450,   0.6154,   0.6928,   0.7770,   0.8665,   0.9585,   1.0563,   1.1589,   1.2653,   1.3695,   0.0000,   0.0000,   0.0000,   0.0000,   0.0000,   0.0000,   0.0000,   0.0000,   0.0000
   0.0037,   0.0111,   0.0224,   0.0380,   0.0576,   0.0812,   0.1077,   0.1381,   0.1733,   0.2121,   0.2570,   0.3045,   0.3573,   0.4160,   0.4763,   0.5458,   0.6164,   0.6936,   0.7773,   0.8675,   0.9610,   1.0576,   1.1643,   1.2691,   1.3757,   0.0000,   0.0000,   0.0000,   0.0000,   0.0000,   0.0000,   0.0000,   0.0000,   0.0000
   0.0037,   0.0111,   0.0224,   0.0380,   0.0576,   0.0814,   0.1078,   0.1382,   0.1736,   0.2121,   0.2572,   0.3048,   0.3575,   0.4161,   0.4768,   0.5465,   0.6170,   0.6948,   0.7781,   0.8689,   0.9628,   1.0616,   1.1674,   1.2717,   1.3826,   0.0000,   0.0000,   0.0000,   0.0000,   0.0000,   0.0000,   0.0000,   0.0000,   0.0000
   0.0037,   0.0111,   0.0224,   0.0381,   0.0576,   0.0815,   0.1079,   0.1384,   0.1738,   0.2120,   0.2573,   0.3051,   0.3580,   0.4163,   0.4772,   0.5468,   0.6184,   0.6960,   0.7787,   0.8701,   0.9663,   1.0639,   1.1695,   1.2747,   1.3915,   0.0000,   0.0000,   0.0000,   0.0000,   0.0000,   0.0000,   0.0000,   0.0000,   0.0000
   0.0037,   0.0111,   0.0224,   0.0382,   0.0576,   0.0817,   0.1079,   0.1385,   0.1739,   0.2123,   0.2571,   0.3053,   0.3587,   0.4164,   0.4775,   0.5476,   0.6190,   0.6970,   0.7799,   0.8711,   0.9680,   1.0651,   1.1706,   1.2783,   1.3976,   0.0000,   0.0000,   0.0000,   0.0000,   0.0000,   0.0000,   0.0000,   0.0000,   0.0000
   0.0037,   0.0111,   0.0225,   0.0382,   0.0577,   0.0816,   0.1081,   0.1385,   0.1742,   0.2127,   0.2571,   0.3057,   0.3593,   0.4169,   0.4776,   0.5478,   0.6197,   0.6978,   0.7811,   0.8729,   0.9703,   1.0668,   1.1731,   1.2825,   1.4036,   0.0000,   0.0000,   0.0000,   0.0000,   0.0000,   0.0000,   0.0000,   0.0000,   0.0000
   0.0038,   0.0111,   0.0225,   0.0382,   0.0577,   0.0819,   0.1081,   0.1387,   0.1745,   0.2131,   0.2576,   0.3057,   0.3597,   0.4171,   0.4780,   0.5483,   0.6201,   0.6990,   0.7820,   0.8734,   0.9713,   1.0689,   1.1752,   1.2844,   1.4119,   0.0000,   0.0000,   0.0000,   0.0000,   0.0000,   0.0000,   0.0000,   0.0000,   0.0000
   0.0038,   0.0111,   0.0225,   0.0382,   0.0577,   0.0820,   0.1081,   0.1388,   0.1747,   0.2136,   0.2578,   0.3060,   0.3603,   0.4177,   0.4786,   0.5486,   0.6208,   0.7000,   0.7838,   0.8739,   0.9727,   1.0715,   1.1762,   1.2869,   1.4182,   0.0000,   0.0000,   0.0000,   0.0000,   0.0000,   0.0000,   0.0000,   0.0000,   0.0000
   0.0038,   0.0111,   0.0225,   0.0382,   0.0578,   0.0823,   0.1081,   0.1390,   0.1750,   0.2139,   0.2577,   0.3062,   0.3607,   0.4179,   0.4789,   0.5491,   0.6215,   0.7008,   0.7848,   0.8749,   0.9733,   1.0751,   1.1763,   1.2896,   1.4236,   0.0000,   0.0000,   0.0000,   0.0000,   0.0000,   0.0000,   0.0000,   0.0000,   0.0000
   0.0038,   0.0111,   0.0225,   0.0382,   0.0578,   0.0824,   0.1081,   0.1392,   0.1751,   0.2143,   0.2577,   0.3066,   0.3611,   0.4183,   0.4794,   0.5498,   0.6224,   0.7010,   0.7854,   0.8760,   0.9754,   1.0764,   1.1777,   1.2917,   1.4286,   0.0000,   0.0000,   0.0000,   0.0000,   0.0000,   0.0000,   0.0000,   0.0000,   0.0000
   0.0038,   0.0111,   0.0225,   0.0382,   0.0580,   0.0824,   0.1081,   0.1392,   0.1751,   0.2148,   0.2580,   0.3068,   0.3617,   0.4185,   0.4798,   0.5505,   0.6223,   0.7011,   0.7864,   0.8766,   0.9757,   1.0789,   1.1800,   1.2937,   1.4299,   0.0000,   0.0000,   0.0000,   0.0000,   0.0000,   0.0000,   0.0000,   0.0000,   0.0000
   0.0038,   0.0111,   0.0226,   0.0383,   0.0581,   0.0824,   0.1080,   0.1393,   0.1754,   0.2149,   0.2583,   0.3072,   0.3617,   0.4190,   0.4802,   0.5506,   0.6227,   0.7020,   0.7872,   0.8772,   0.9755,   1.0802,   1.1826,   1.2959,   1.4325,   0.0000,   0.0000,   0.0000,   0.0000,   0.0000,   0.0000,   0.0000,   0.0000,   0.0000
   0.0038,   0.0111,   0.0226,   0.0383,   0.0583,   0.0826,   0.1079,   0.1395,   0.1755,   0.2151,   0.2585,   0.3073,   0.3616,   0.4193,   0.4809,   0.5509,   0.6229,   0.7027,   0.7877,   0.8772,   0.9758,   1.0814,   1.1843,   1.2978,   1.4373,   0.0000,   0.0000,   0.0000,   0.0000,   0.0000,   0.0000,   0.0000,   0.0000,   0.0000
   0.0038,   0.0111,   0.0226,   0.0383,   0.0583,   0.0826,   0.1080,   0.1396,   0.1757,   0.2152,   0.2587,   0.3077,   0.3615,   0.4194,   0.4813,   0.5511,   0.6232,   0.7032,   0.7881,   0.8783,   0.9761,   1.0824,   1.1852,   1.3019,   1.4400,   0.0000,   0.0000,   0.0000,   0.0000,   0.0000,   0.0000,   0.0000,   0.0000,   0.0000
   0.0038,   0.0111,   0.0226,   0.0383,   0.0585,   0.0826,   0.1080,   0.1397,   0.1759,   0.2153,   0.2587,   0.3079,   0.3616,   0.4194,   0.4816,   0.5515,   0.6235,   0.7033,   0.7883,   0.8790,   0.9768,   1.0824,   1.1867,   1.3039,   1.4431,   0.0000,   0.0000,   0.0000,   0.0000,   0.0000,   0.0000,   0.0000,   0.0000,   0.0000
   0.0038,   0.0110,   0.0226,   0.0383,   0.0587,   0.0826,   0.1080,   0.1398,   0.1759,   0.2152,   0.2588,   0.3080,   0.3618,   0.4194,   0.4821,   0.5517,   0.6241,   0.7038,   0.7886,   0.8796,   0.9778,   1.0806,   1.1899,   1.3065,   1.4461,   0.0000,   0.0000,   0.0000,   0.0000,   0.0000,   0.0000,   0.0000,   0.0000,   0.0000
   0.0038,   0.0110,   0.0227,   0.0383,   0.0587,   0.0826,   0.1081,   0.1399,   0.1761,   0.2154,   0.2592,   0.3080,   0.3619,   0.4197,   0.4822,   0.5521,   0.6246,   0.7045,   0.7895,   0.8802,   0.9773,   1.0811,   1.1909,   1.3089,   1.4472,   0.0000,   0.0000,   0.0000,   0.0000,   0.0000,   0.0000,   0.0000,   0.0000,   0.0000
   0.0038,   0.0110,   0.0227,   0.0383,   0.0588,   0.0826,   0.1082,   0.1400,   0.1763,   0.2153,   0.2596,   0.3081,   0.3618,   0.4199,   0.4823,   0.5527,   0.6253,   0.7054,   0.7906,   0.8808,   0.9771,   1.0816,   1.1914,   1.3111,   1.4515,   0.0000,   0.0000,   0.0000,   0.0000,   0.0000,   0.0000,   0.0000,   0.0000,   0.0000
   0.0038,   0.0110,   0.0227,   0.0383,   0.0587,   0.0826,   0.1083,   0.1401,   0.1763,   0.2154,   0.2598,   0.3084,   0.3614,   0.4201,   0.4826,   0.5529,   0.6261,   0.7055,   0.7909,   0.8814,   0.9776,   1.0817,   1.1924,   1.3132,   1.4540,   0.0000,   0.0000,   0.0000,   0.0000,   0.0000,   0.0000,   0.0000,   0.0000,   0.0000
   0.0038,   0.0110,   0.0227,   0.0384,   0.0586,   0.0826,   0.1085,   0.1402,   0.1764,   0.2154,   0.2597,   0.3089,   0.3615,   0.4203,   0.4829,   0.5534,   0.6267,   0.7055,   0.7913,   0.8823,   0.9777,   1.0822,   1.1938,   1.3144,   1.4554,   0.0000,   0.0000,   0.0000,   0.0000,   0.0000,   0.0000,   0.0000,   0.0000,   0.0000
   0.0038,   0.0110,   0.0227,   0.0384,   0.0586,   0.0826,   0.1085,   0.1402,   0.1765,   0.2154,   0.2594,   0.3091,   0.3617,   0.4206,   0.4830,   0.5540,   0.6270,   0.7056,   0.7916,   0.8822,   0.9780,   1.0822,   1.1942,   1.3149,   1.4551,   0.0000,   0.0000,   0.0000,   0.0000,   0.0000,   0.0000,   0.0000,   0.0000,   0.0000
   0.0037,   0.0110,   0.0228,   0.0385,   0.0585,   0.0827,   0.1086,   0.1403,   0.1766,   0.2155,   0.2600,   0.3092,   0.3617,   0.4208,   0.4830,   0.5545,   0.6275,   0.7059,   0.7915,   0.8820,   0.9782,   1.0824,   1.1945,   1.3164,   1.4569,   0.0000,   0.0000,   0.0000,   0.0000,   0.0000,   0.0000,   0.0000,   0.0000,   0.0000
   0.0037,   0.0110,   0.0228,   0.0385,   0.0585,   0.0828,   0.1086,   0.1403,   0.1766,   0.2155,   0.2604,   0.3094,   0.3617,   0.4210,   0.4830,   0.5545,   0.6273,   0.7061,   0.7917,   0.8819,   0.9774,   1.0826,   1.1942,   1.3163,   1.4578,   0.0000,   0.0000,   0.0000,   0.0000,   0.0000,   0.0000,   0.0000,   0.0000,   0.0000
   0.0037,   0.0110,   0.0228,   0.0385,   0.0585,   0.0828,   0.1087,   0.1403,   0.1767,   0.2157,   0.2605,   0.3101,   0.3622,   0.4210,   0.4830,   0.5544,   0.6272,   0.7057,   0.7913,   0.8811,   0.9774,   1.0826,   1.1941,   1.3164,   1.4578,   0.0000,   0.0000,   0.0000,   0.0000,   0.0000,   0.0000,   0.0000,   0.0000,   0.0000
   0.0037,   0.0110,   0.0228,   0.0385,   0.0584,   0.0829,   0.1087,   0.1404,   0.1767,   0.2160,   0.2605,   0.3107,   0.3624,   0.4212,   0.4833,   0.5538,   0.6273,   0.7052,   0.7904,   0.8808,   0.9773,   1.0828,   1.1942,   1.3163,   1.4560,   0.0000,   0.0000,   0.0000,   0.0000,   0.0000,   0.0000,   0.0000,   0.0000,   0.0000
   0.0037,   0.0110,   0.0228,   0.0384,   0.0585,   0.0829,   0.1088,   0.1404,   0.1768,   0.2162,   0.2607,   0.3109,   0.3629,   0.4212,   0.4833,   0.5537,   0.6269,   0.7050,   0.7900,   0.8802,   0.9772,   1.0823,   1.1943,   1.3159,   1.4550,   0.0000,   0.0000,   0.0000,   0.0000,   0.0000,   0.0000,   0.0000,   0.0000,   0.0000
   0.0037,   0.0110,   0.0228,   0.0384,   0.0585,   0.0829,   0.1088,   0.1404,   0.1768,   0.2164,   0.2612,   0.3108,   0.3633,   0.4211,   0.4832,   0.5537,   0.6262,   0.7051,   0.7896,   0.8795,   0.9770,   1.0820,   1.1935,   1.3145,   1.4534,   0.0000,   0.0000,   0.0000,   0.0000,   0.0000,   0.0000,   0.0000,   0.0000,   0.0000
   0.0037,   0.0110,   0.0228,   0.0384,   0.0586,   0.0829,   0.1088,   0.1404,   0.1769,   0.2166,   0.2612,   0.3110,   0.3633,   0.4208,   0.4833,   0.5538,   0.6263,   0.7050,   0.7896,   0.8794,   0.9766,   1.0816,   1.1929,   1.3131,   1.4538,   0.0000,   0.0000,   0.0000,   0.0000,   0.0000,   0.0000,   0.0000,   0.0000,   0.0000
   0.0037,   0.0110,   0.0228,   0.0383,   0.0586,   0.0829,   0.1087,   0.1404,   0.1770,   0.2166,   0.2612,   0.3111,   0.3633,   0.4208,   0.4835,   0.5535,   0.6258,   0.7044,   0.7892,   0.8798,   0.9756,   1.0811,   1.1918,   1.3118,   1.4505,   0.0000,   0.0000,   0.0000,   0.0000,   0.0000,   0.0000,   0.0000,   0.0000,   0.0000
   0.0037,   0.0111,   0.0228,   0.0383,   0.0586,   0.0830,   0.1087,   0.1404,   0.1770,   0.2167,   0.2609,   0.3112,   0.3633,   0.4209,   0.4835,   0.5537,   0.6261,   0.7041,   0.7886,   0.8798,   0.9752,   1.0805,   1.1912,   1.3102,   1.4469,   0.0000,   0.0000,   0.0000,   0.0000,   0.0000,   0.0000,   0.0000,   0.0000,   0.0000
   0.0037,   0.0111,   0.0228,   0.0383,   0.0586,   0.0829,   0.1086,   0.1404,   0.1770,   0.2166,   0.2607,   0.3108,   0.3628,   0.4210,   0.4838,   0.5537,   0.6257,   0.7040,   0.7884,   0.8799,   0.9747,   1.0805,   1.1908,   1.3093,   1.4448,   0.0000,   0.0000,   0.0000,   0.0000,   0.0000,   0.0000,   0.0000,   0.0000,   0.0000
   0.0037,   0.0111,   0.0228,   0.0383,   0.0587,   0.0828,   0.1086,   0.1405,   0.1771,   0.2165,   0.2604,   0.3104,   0.3628,   0.4211,   0.4838,   0.5539,   0.6255,   0.7034,   0.7885,   0.8789,   0.9746,   1.0798,   1.1905,   1.3078,   1.4438,   0.0000,   0.0000,   0.0000,   0.0000,   0.0000,   0.0000,   0.0000,   0.0000,   0.0000
   0.0037,   0.0111,   0.0228,   0.0382,   0.0587,   0.0827,   0.1085,   0.1405,   0.1771,   0.2165,   0.2603,   0.3102,   0.3627,   0.4211,   0.4840,   0.5541,   0.6253,   0.7026,   0.7884,   0.8790,   0.9741,   1.0800,   1.1895,   1.3056,   1.4428,   0.0000,   0.0000,   0.0000,   0.0000,   0.0000,   0.0000,   0.0000,   0.0000,   0.0000
   0.0037,   0.0111,   0.0228,   0.0382,   0.0588,   0.0826,   0.1085,   0.1404,   0.1771,   0.2163,   0.2598,   0.3100,   0.3627,   0.4212,   0.4840,   0.5537,   0.6255,   0.7022,   0.7881,   0.8787,   0.9735,   1.0790,   1.1889,   1.3043,   1.4400,   0.0000,   0.0000,   0.0000,   0.0000,   0.0000,   0.0000,   0.0000,   0.0000,   0.0000
   0.0037,   0.0111,   0.0227,   0.0381,   0.0588,   0.0825,   0.1084,   0.1404,   0.1768,   0.2162,   0.2599,   0.3099,   0.3628,   0.4213,   0.4838,   0.5533,   0.6251,   0.7019,   0.7877,   0.8789,   0.9731,   1.0766,   1.1877,   1.3029,   1.4372,   0.0000,   0.0000,   0.0000,   0.0000,   0.0000,   0.0000,   0.0000,   0.0000,   0.0000
   0.0037,   0.0111,   0.0227,   0.0381,   0.0588,   0.0824,   0.1082,   0.1405,   0.1769,   0.2158,   0.2593,   0.3100,   0.3630,   0.4213,   0.4838,   0.5533,   0.6251,   0.7022,   0.7876,   0.8774,   0.9727,   1.0749,   1.1863,   1.3014,   1.4357,   0.0000,   0.0000,   0.0000,   0.0000,   0.0000,   0.0000,   0.0000,   0.0000,   0.0000
   0.0036,   0.0111,   0.0227,   0.0381,   0.0588,   0.0822,   0.1083,   0.1404,   0.1769,   0.2158,   0.2593,   0.3099,   0.3631,   0.4211,   0.4834,   0.5530,   0.6247,   0.7012,   0.7874,   0.8766,   0.9713,   1.0734,   1.1846,   1.2994,   1.4350,   0.0000,   0.0000,   0.0000,   0.0000,   0.0000,   0.0000,   0.0000,   0.0000,   0.0000
   0.0036,   0.0111,   0.0227,   0.0381,   0.0588,   0.0823,   0.1081,   0.1405,   0.1766,   0.2159,   0.2595,   0.3096,   0.3628,   0.4211,   0.4833,   0.5527,   0.6247,   0.7012,   0.7871,   0.8756,   0.9706,   1.0716,   1.1812,   1.2967,   1.4309,   0.0000,   0.0000,   0.0000,   0.0000,   0.0000,   0.0000,   0.0000,   0.0000,   0.0000
   0.0036,   0.0111,   0.0227,   0.0381,   0.0588,   0.0823,   0.1080,   0.1404,   0.1765,   0.2157,   0.2595,   0.3094,   0.3625,   0.4208,   0.4829,   0.5524,   0.6245,   0.7019,   0.7863,   0.8754,   0.9691,   1.0698,   1.1794,   1.2943,   1.4278,   0.0000,   0.0000,   0.0000,   0.0000,   0.0000,   0.0000,   0.0000,   0.0000,   0.0000
   0.0036,   0.0110,   0.0227,   0.0381,   0.0589,   0.0823,   0.1080,   0.1404,   0.1761,   0.2154,   0.2594,   0.3092,   0.3623,   0.4206,   0.4825,   0.5526,   0.6236,   0.7019,   0.7859,   0.8736,   0.9679,   1.0686,   1.1775,   1.2943,   1.4247,   0.0000,   0.0000,   0.0000,   0.0000,   0.0000,   0.0000,   0.0000,   0.0000,   0.0000
   0.0036,   0.0110,   0.0226,   0.0381,   0.0589,   0.0823,   0.1080,   0.1402,   0.1757,   0.2152,   0.2595,   0.3092,   0.3622,   0.4205,   0.4822,   0.5518,   0.6234,   0.7017,   0.7850,   0.8717,   0.9671,   1.0672,   1.1753,   1.2916,   1.4219,   0.0000,   0.0000,   0.0000,   0.0000,   0.0000,   0.0000,   0.0000,   0.0000,   0.0000
   0.0036,   0.0110,   0.0226,   0.0380,   0.0589,   0.0823,   0.1079,   0.1400,   0.1756,   0.2150,   0.2594,   0.3091,   0.3619,   0.4203,   0.4819,   0.5510,   0.6230,   0.7007,   0.7834,   0.8703,   0.9661,   1.0667,   1.1737,   1.2888,   1.4210,   0.0000,   0.0000,   0.0000,   0.0000,   0.0000,   0.0000,   0.0000,   0.0000,   0.0000
   0.0036,   0.0110,   0.0226,   0.0380,   0.0589,   0.0824,   0.1080,   0.1398,   0.1752,   0.2153,   0.2595,   0.3088,   0.3616,   0.4200,   0.4814,   0.5500,   0.6226,   0.6998,   0.7828,   0.8703,   0.9648,   1.0652,   1.1716,   1.2854,   1.4185,   0.0000,   0.0000,   0.0000,   0.0000,   0.0000,   0.0000,   0.0000,   0.0000,   0.0000
   0.0036,   0.0110,   0.0225,   0.0380,   0.0588,   0.0824,   0.1079,   0.1397,   0.1750,   0.2152,   0.2594,   0.3088,   0.3613,   0.4199,   0.4812,   0.5495,   0.6222,   0.6992,   0.7818,   0.8692,   0.9642,   1.0638,   1.1689,   1.2845,   1.4150,   0.0000,   0.0000,   0.0000,   0.0000,   0.0000,   0.0000,   0.0000,   0.0000,   0.0000
   0.0036,   0.0110,   0.0225,   0.0380,   0.0588,   0.0823,   0.1080,   0.1395,   0.1748,   0.2151,   0.2591,   0.3089,   0.3613,   0.4194,   0.4806,   0.5487,   0.6212,   0.6982,   0.7806,   0.8680,   0.9633,   1.0621,   1.1691,   1.2834,   1.4143,   0.0000,   0.0000,   0.0000,   0.0000,   0.0000,   0.0000,   0.0000,   0.0000,   0.0000
   0.0036,   0.0110,   0.0225,   0.0380,   0.0586,   0.0823,   0.1081,   0.1394,   0.1748,   0.2152,   0.2591,   0.3089,   0.3616,   0.4193,   0.4805,   0.5482,   0.6209,   0.6969,   0.7797,   0.8659,   0.9627,   1.0592,   1.1662,   1.2823,   1.4122,   0.0000,   0.0000,   0.0000,   0.0000,   0.0000,   0.0000,   0.0000,   0.0000,   0.0000
   0.0036,   0.0110,   0.0225,   0.0379,   0.0585,   0.0822,   0.1080,   0.1394,   0.1749,   0.2153,   0.2591,   0.3088,   0.3617,   0.4192,   0.4798,   0.5466,   0.6210,   0.6959,   0.7781,   0.8651,   0.9615,   1.0565,   1.1642,   1.2792,   1.4081,   0.0000,   0.0000,   0.0000,   0.0000,   0.0000,   0.0000,   0.0000,   0.0000,   0.0000
   0.0036,   0.0110,   0.0225,   0.0379,   0.0582,   0.0822,   0.1081,   0.1395,   0.1750,   0.2153,   0.2590,   0.3088,   0.3614,   0.4184,   0.4795,   0.5461,   0.6208,   0.6948,   0.7775,   0.8646,   0.9609,   1.0540,   1.1626,   1.2776,   1.4059,   0.0000,   0.0000,   0.0000,   0.0000,   0.0000,   0.0000,   0.0000,   0.0000,   0.0000
   0.0036,   0.0110,   0.0224,   0.0379,   0.0580,   0.0821,   0.1082,   0.1396,   0.1751,   0.2153,   0.2591,   0.3087,   0.3612,   0.4181,   0.4790,   0.5455,   0.6202,   0.6936,   0.7770,   0.8634,   0.9592,   1.0529,   1.1610,   1.2771,   1.4021,   0.0000,   0.0000,   0.0000,   0.0000,   0.0000,   0.0000,   0.0000,   0.0000,   0.0000
   0.0036,   0.0110,   0.0224,   0.0379,   0.0578,   0.0820,   0.1083,   0.1396,   0.1752,   0.2153,   0.2591,   0.3087,   0.3611,   0.4178,   0.4785,   0.5453,   0.6194,   0.6925,   0.7758,   0.8621,   0.9578,   1.0518,   1.1599,   1.2766,   1.3983,   0.0000,   0.0000,   0.0000,   0.0000,   0.0000,   0.0000,   0.0000,   0.0000,   0.0000
   0.0036,   0.0109,   0.0224,   0.0378,   0.0577,   0.0819,   0.1083,   0.1396,   0.1752,   0.2152,   0.2592,   0.3082,   0.3606,   0.4170,   0.4783,   0.5450,   0.6185,   0.6921,   0.7742,   0.8610,   0.9570,   1.0501,   1.1595,   1.2731,   1.3962,   0.0000,   0.0000,   0.0000,   0.0000,   0.0000,   0.0000,   0.0000,   0.0000,   0.0000
   0.0036,   0.0109,   0.0224,   0.0378,   0.0575,   0.0820,   0.1084,   0.1396,   0.1753,   0.2150,   0.2590,   0.3080,   0.3602,   0.4166,   0.4777,   0.5445,   0.6182,   0.6909,   0.7730,   0.8601,   0.9552,   1.0491,   1.1577,   1.2704,   1.3947,   0.0000,   0.0000,   0.0000,   0.0000,   0.0000,   0.0000,   0.0000,   0.0000,   0.0000
   0.0036,   0.0109,   0.0224,   0.0378,   0.0574,   0.0819,   0.1084,   0.1396,   0.1752,   0.2150,   0.2587,   0.3078,   0.3596,   0.4163,   0.4771,   0.5439,   0.6166,   0.6895,   0.7720,   0.8605,   0.9534,   1.0489,   1.1562,   1.2674,   1.3928,   0.0000,   0.0000,   0.0000,   0.0000,   0.0000,   0.0000,   0.0000,   0.0000,   0.0000
   0.0036,   0.0109,   0.0224,   0.0378,   0.0573,   0.0821,   0.1081,   0.1395,   0.1752,   0.2148,   0.2586,   0.3076,   0.3589,   0.4158,   0.4765,   0.5439,   0.6156,   0.6878,   0.7713,   0.8590,   0.9523,   1.0484,   1.1551,   1.2652,   1.3917,   0.0000,   0.0000,   0.0000,   0.0000,   0.0000,   0.0000,   0.0000,   0.0000,   0.0000
   0.0036,   0.0109,   0.0224,   0.0377,   0.0574,   0.0820,   0.1078,   0.1394,   0.1749,   0.2146,   0.2584,   0.3074,   0.3586,   0.4155,   0.4759,   0.5433,   0.6144,   0.6868,   0.7696,   0.8579,   0.9505,   1.0469,   1.1514,   1.2637,   1.3896,   0.0000,   0.0000,   0.0000,   0.0000,   0.0000,   0.0000,   0.0000,   0.0000,   0.0000
   0.0036,   0.0109,   0.0224,   0.0377,   0.0574,   0.0820,   0.1074,   0.1394,   0.1747,   0.2144,   0.2581,   0.3073,   0.3581,   0.4151,   0.4753,   0.5428,   0.6136,   0.6861,   0.7689,   0.8561,   0.9489,   1.0457,   1.1492,   1.2609,   1.3853,   0.0000,   0.0000,   0.0000,   0.0000,   0.0000,   0.0000,   0.0000,   0.0000,   0.0000
   0.0036,   0.0108,   0.0224,   0.0377,   0.0575,   0.0821,   0.1071,   0.1392,   0.1745,   0.2143,   0.2579,   0.3069,   0.3574,   0.4146,   0.4750,   0.5423,   0.6122,   0.6855,   0.7678,   0.8538,   0.9481,   1.0448,   1.1478,   1.2586,   1.3831,   0.0000,   0.0000,   0.0000,   0.0000,   0.0000,   0.0000,   0.0000,   0.0000,   0.0000
   0.0036,   0.0108,   0.0224,   0.0376,   0.0575,   0.0820,   0.1067,   0.1391,   0.1742,   0.2142,   0.2574,   0.3069,   0.3574,   0.4145,   0.4743,   0.5414,   0.6115,   0.6840,   0.7675,   0.8521,   0.9469,   1.0439,   1.1451,   1.2577,   1.3821,   0.0000,   0.0000,   0.0000,   0.0000,   0.0000,   0.0000,   0.0000,   0.0000,   0.0000
   0.0036,   0.0108,   0.0224,   0.0376,   0.0575,   0.0820,   0.1064,   0.1388,   0.1740,   0.2143,   0.2574,   0.3067,   0.3568,   0.4138,   0.4742,   0.5408,   0.6103,   0.6835,   0.7671,   0.8507,   0.9462,   1.0431,   1.1431,   1.2552,   1.3806,   0.0000,   0.0000,   0.0000,   0.0000,   0.0000,   0.0000,   0.0000,   0.0000,   0.0000
   0.0036,   0.0108,   0.0224,   0.0376,   0.0575,   0.0820,   0.1062,   0.1386,   0.1738,   0.2140,   0.2573,   0.3065,   0.3563,   0.4132,   0.4739,   0.5403,   0.6095,   0.6830,   0.7664,   0.8488,   0.9456,   1.0407,   1.1424,   1.2556,   1.3781,   0.0000,   0.0000,   0.0000,   0.0000,   0.0000,   0.0000,   0.0000,   0.0000,   0.0000
   0.0036,   0.0108,   0.0224,   0.0375,   0.0575,   0.0820,   0.1063,   0.1385,   0.1736,   0.2139,   0.2571,   0.3061,   0.3560,   0.4127,   0.4740,   0.5390,   0.6085,   0.6835,   0.7656,   0.8477,   0.9443,   1.0396,   1.1397,   1.2538,   1.3776,   0.0000,   0.0000,   0.0000,   0.0000,   0.0000,   0.0000,   0.0000,   0.0000,   0.0000
   0.0036,   0.0108,   0.0224,   0.0375,   0.0574,   0.0820,   0.1062,   0.1383,   0.1736,   0.2139,   0.2569,   0.3053,   0.3556,   0.4127,   0.4738,   0.5384,   0.6080,   0.6832,   0.7650,   0.8463,   0.9422,   1.0393,   1.1414,   1.2546,   1.3770,   0.0000,   0.0000,   0.0000,   0.0000,   0.0000,   0.0000,   0.0000,   0.0000,   0.0000
   0.0036,   0.0108,   0.0224,   0.0375,   0.0574,   0.0818,   0.1063,   0.1382,   0.1735,   0.2137,   0.2567,   0.3047,   0.3555,   0.4123,   0.4735,   0.5379,   0.6069,   0.6830,   0.7640,   0.8455,   0.9416,   1.0386,   1.1403,   1.2542,   1.3780,   0.0000,   0.0000,   0.0000,   0.0000,   0.0000,   0.0000,   0.0000,   0.0000,   0.0000
   0.0036,   0.0108,   0.0223,   0.0375,   0.0573,   0.0817,   0.1063,   0.1383,   0.1736,   0.2137,   0.2565,   0.3042,   0.3554,   0.4121,   0.4729,   0.5371,   0.6072,   0.6820,   0.7629,   0.8452,   0.9412,   1.0375,   1.1395,   1.2537,   1.3787,   0.0000,   0.0000,   0.0000,   0.0000,   0.0000,   0.0000,   0.0000,   0.0000,   0.0000
   0.0036,   0.0108,   0.0223,   0.0374,   0.0573,   0.0817,   0.1065,   0.1383,   0.1736,   0.2136,   0.2565,   0.3037,   0.3551,   0.4118,   0.4724,   0.5366,   0.6067,   0.6820,   0.7617,   0.8449,   0.9405,   1.0368,   1.1394,   1.2536,   1.3775,   0.0000,   0.0000,   0.0000,   0.0000,   0.0000,   0.0000,   0.0000,   0.0000,   0.0000
   0.0036,   0.0108,   0.0223,   0.0374,   0.0573,   0.0815,   0.1066,   0.1384,   0.1736,   0.2135,   0.2561,   0.3034,   0.3551,   0.4116,   0.4718,   0.5360,   0.6067,   0.6815,   0.7611,   0.8427,   0.9403,   1.0364,   1.1388,   1.2538,   1.3766,   0.0000,   0.0000,   0.0000,   0.0000,   0.0000,   0.0000,   0.0000,   0.0000,   0.0000
   0.0036,   0.0107,   0.0223,   0.0373,   0.0572,   0.0813,   0.1065,   0.1385,   0.1735,   0.2134,   0.2558,   0.3030,   0.3553,   0.4111,   0.4714,   0.5354,   0.6070,   0.6809,   0.7600,   0.8422,   0.9391,   1.0372,   1.1383,   1.2513,   1.3765,   0.0000,   0.0000,   0.0000,   0.0000,   0.0000,   0.0000,   0.0000,   0.0000,   0.0000
   0.0036,   0.0107,   0.0223,   0.0373,   0.0571,   0.0813,   0.1064,   0.1387,   0.1735,   0.2132,   0.2557,   0.3029,   0.3554,   0.4106,   0.4710,   0.5354,   0.6068,   0.6801,   0.7595,   0.8426,   0.9391,   1.0366,   1.1385,   1.2507,   1.3755,   0.0000,   0.0000,   0.0000,   0.0000,   0.0000,   0.0000,   0.0000,   0.0000,   0.0000
   0.0036,   0.0107,   0.0223,   0.0373,   0.0570,   0.0811,   0.1065,   0.1387,   0.1734,   0.2131,   0.2555,   0.3030,   0.3556,   0.4102,   0.4709,   0.5353,   0.6064,   0.6794,   0.7590,   0.8425,   0.9387,   1.0359,   1.1368,   1.2487,   1.3759,   0.0000,   0.0000,   0.0000,   0.0000,   0.0000,   0.0000,   0.0000,   0.0000,   0.0000
   0.0036,   0.0107,   0.0223,   0.0372,   0.0569,   0.0811,   0.1065,   0.1387,   0.1733,   0.2128,   0.2555,   0.3031,   0.3556,   0.4099,   0.4707,   0.5345,   0.6065,   0.6790,   0.7582,   0.8427,   0.9394,   1.0351,   1.1367,   1.2478,   1.3766,   0.0000,   0.0000,   0.0000,   0.0000,   0.0000,   0.0000,   0.0000,   0.0000,   0.0000
   0.0036,   0.0107,   0.0223,   0.0372,   0.0569,   0.0811,   0.1065,   0.1386,   0.1732,   0.2127,   0.2554,   0.3030,   0.3556,   0.4094,   0.4708,   0.5338,   0.6061,   0.6793,   0.7575,   0.8432,   0.9382,   1.0347,   1.1366,   1.2470,   1.3775,   0.0000,   0.0000,   0.0000,   0.0000,   0.0000,   0.0000,   0.0000,   0.0000,   0.0000
   0.0036,   0.0107,   0.0223,   0.0372,   0.0567,   0.0811,   0.1065,   0.1388,   0.1732,   0.2123,   0.2554,   0.3031,   0.3558,   0.4092,   0.4707,   0.5334,   0.6059,   0.6791,   0.7569,   0.8436,   0.9370,   1.0341,   1.1360,   1.2455,  -1.3580,   0.0000,   0.0000,   0.0000,   0.0000,   0.0000,   0.0000,   0.0000,   0.0000,   0.0000
   0.0036,   0.0107,   0.0222,   0.0371,   0.0566,   0.0809,   0.1065,   0.1389,   0.1732,   0.2119,   0.2557,   0.3031,   0.3561,   0.4090,   0.4707,   0.5329,   0.6052,   0.6792,   0.7562,   0.8456,   0.9363,   1.0326,   1.1372,   1.2462,  -1.3593,   0.0000,   0.0000,   0.0000,   0.0000,   0.0000,   0.0000,   0.0000,   0.0000,   0.0000
   0.0036,   0.0107,   0.0222,   0.0371,   0.0565,   0.0810,   0.1065,   0.1390,   0.1731,   0.2121,   0.2558,   0.3030,   0.3558,   0.4091,   0.4706,   0.5325,   0.6046,   0.6794,   0.7559,   0.8458,   0.9358,   1.0322,   1.1368,   1.2468,  -1.3606,   0.0000,   0.0000,   0.0000,   0.0000,   0.0000,   0.0000,   0.0000,   0.0000,   0.0000
   0.0036,   0.0107,   0.0222,   0.0371,   0.0566,   0.0809,   0.1065,   0.1390,   0.1730,   0.2120,   0.2559,   0.3029,   0.3555,   0.4093,   0.4706,   0.5322,   0.6041,   0.6795,   0.7555,   0.8454,   0.9351,   1.0320,   1.1384,   1.2475,  -1.3623,   0.0000,   0.0000,   0.0000,   0.0000,   0.0000,   0.0000,   0.0000,   0.0000,   0.0000
   0.0036,   0.0106,   0.0221,   0.0371,   0.0566,   0.0809,   0.1066,   0.1391,   0.1729,   0.2119,   0.2561,   0.3028,   0.3550,   0.4096,   0.4705,   0.5317,   0.6044,   0.6796,   0.7561,   0.8448,   0.9350,   1.0321,   1.1393,   1.2479,  -1.3633,   0.0000,   0.0000,   0.0000,   0.0000,   0.0000,   0.0000,   0.0000,   0.0000,   0.0000
   0.0036,   0.0106,   0.0221,   0.0371,   0.0566,   0.0809,   0.1066,   0.1392,   0.1727,   0.2120,   0.2561,   0.3028,   0.3550,   0.4095,   0.4704,   0.5318,   0.6040,   0.6798,   0.7549,   0.8449,   0.9341,   1.0325,   1.1393,   1.2487,  -1.3644,   0.0000,   0.0000,   0.0000,   0.0000,   0.0000,   0.0000,   0.0000,   0.0000,   0.0000
   0.0036,   0.0106,   0.0221,   0.0371,   0.0566,   0.0810,   0.1066,   0.1393,   0.1725,   0.2118,   0.2563,   0.3028,   0.3547,   0.4098,   0.4703,   0.5320,   0.6039,   0.6797,   0.7558,   0.8450,   0.9338,   1.0324,   1.1395,   1.2497,  -1.3657,   0.0000,   0.0000,   0.0000,   0.0000,   0.0000,   0.0000,   0.0000,   0.0000,   0.0000
   0.0036,   0.0106,   0.0221,   0.0371,   0.0566,   0.0810,   0.1066,   0.1393,   0.1726,   0.2118,   0.2563,   0.3027,   0.3549,   0.4095,   0.4705,   0.5319,   0.6036,   0.6788,   0.7559,   0.8445,   0.9341,   1.0329,   1.1405,   1.2510,  -1.3668,   0.0000,   0.0000,   0.0000,   0.0000,   0.0000,   0.0000,   0.0000,   0.0000,   0.0000
   0.0036,   0.0106,   0.0220,   0.0371,   0.0566,   0.0810,   0.1067,   0.1393,   0.1724,   0.2119,   0.2564,   0.3027,   0.3549,   0.4095,   0.4706,   0.5323,   0.6036,   0.6787,   0.7557,   0.8437,   0.9339,   1.0336,   1.1409,   1.2518,  -1.3678,   0.0000,   0.0000,   0.0000,   0.0000,   0.0000,   0.0000,   0.0000,   0.0000,   0.0000
   0.0036,   0.0106,   0.0220,   0.0372,   0.0566,   0.0810,   0.1068,   0.1393,   0.1725,   0.2117,   0.2563,   0.3027,   0.3550,   0.4097,   0.4708,   0.5325,   0.6040,   0.6787,   0.7548,   0.8434,   0.9340,   1.0336,   1.1428,   1.2517,  -1.3689,   0.0000,   0.0000,   0.0000,   0.0000,   0.0000,   0.0000,   0.0000,   0.0000,   0.0000
   0.0036,   0.0106,   0.0219,   0.0372,   0.0566,   0.0810,   0.1068,   0.1393,   0.1725,   0.2118,   0.2562,   0.3028,   0.3555,   0.4095,   0.4710,   0.5324,   0.6044,   0.6779,   0.7548,   0.8443,   0.9339,   1.0336,   1.1431,   1.2514,  -1.3696,   0.0000,   0.0000,   0.0000,   0.0000,   0.0000,   0.0000,   0.0000,   0.0000,   0.0000
   0.0036,   0.0106,   0.0219,   0.0372,   0.0566,   0.0811,   0.1069,   0.1391,   0.1728,   0.2118,   0.2561,   0.3029,   0.3556,   0.4093,   0.4712,   0.5332,   0.6038,   0.6778,   0.7548,   0.8457,   0.9345,   1.0341,   1.1432,   1.2522,  -1.3705,   0.0000,   0.0000,   0.0000,   0.0000,   0.0000,   0.0000,   0.0000,   0.0000,   0.0000
   0.0036,   0.0106,   0.0219,   0.0373,   0.0566,   0.0809,   0.1070,   0.1389,   0.1729,   0.2118,   0.2562,   0.3030,   0.3559,   0.4094,   0.4710,   0.5335,   0.6042,   0.6777,   0.7571,   0.8451,   0.9341,   1.0343,   1.1443,   1.2530,  -1.3713,   0.0000,   0.0000,   0.0000,   0.0000,   0.0000,   0.0000,   0.0000,   0.0000,   0.0000
   0.0036,   0.0106,   0.0218,   0.0373,   0.0566,   0.0808,   0.1071,   0.1388,   0.1731,   0.2120,   0.2562,   0.3030,   0.3565,   0.4094,   0.4711,   0.5340,   0.6041,   0.6780,   0.7572,   0.8453,   0.9342,   1.0347,   1.1453,   1.2544,  -1.3718,   0.0000,   0.0000,   0.0000,   0.0000,   0.0000,   0.0000,   0.0000,   0.0000,   0.0000
   0.0036,   0.0106,   0.0218,   0.0373,   0.0566,   0.0808,   0.1071,   0.1386,   0.1730,   0.2121,   0.2563,   0.3032,   0.3561,   0.4100,   0.4714,   0.5347,   0.6040,   0.6787,   0.7585,   0.8457,   0.9339,   1.0354,   1.1447,   1.2572,  -1.3722,   0.0000,   0.0000,   0.0000,   0.0000,   0.0000,   0.0000,   0.0000,   0.0000,   0.0000
   0.0036,   0.0106,   0.0218,   0.0373,   0.0566,   0.0808,   0.1071,   0.1386,   0.1730,   0.2122,   0.2563,   0.3032,   0.3562,   0.4100,   0.4716,   0.5349,   0.6044,   0.6790,   0.7597,   0.8468,   0.9345,   1.0365,   1.1447,   1.2591,  -1.3724,   0.0000,   0.0000,   0.0000,   0.0000,   0.0000,   0.0000,   0.0000,   0.0000,   0.0000
   0.0036,   0.0106,   0.0218,   0.0373,   0.0567,   0.0809,   0.1071,   0.1384,   0.1732,   0.2122,   0.2565,   0.3035,   0.3563,   0.4104,   0.4715,   0.5353,   0.6046,   0.6791,   0.7616,   0.8478,   0.9351,   1.0371,   1.1442,   1.2625,  -1.3714,   0.0000,   0.0000,   0.0000,   0.0000,   0.0000,   0.0000,   0.0000,   0.0000,   0.0000
   0.0036,   0.0106,   0.0218,   0.0374,   0.0567,   0.0810,   0.1070,   0.1384,   0.1731,   0.2122,   0.2567,   0.3037,   0.3561,   0.4108,   0.4713,   0.5361,   0.6050,   0.6800,   0.7623,   0.8479,   0.9361,   1.0387,   1.1440,   1.2655,  -1.3715,   0.0000,   0.0000,   0.0000,   0.0000,   0.0000,   0.0000,   0.0000,   0.0000,   0.0000
   0.0036,   0.0106,   0.0218,   0.0374,   0.0567,   0.0811,   0.1069,   0.1383,   0.1731,   0.2122,   0.2569,   0.3038,   0.3565,   0.4115,   0.4712,   0.5359,   0.6059,   0.6803,   0.7628,   0.8481,   0.9364,   1.0392,   1.1455,   1.2637,  -1.3709,   0.0000,   0.0000,   0.0000,   0.0000,   0.0000,   0.0000,   0.0000,   0.0000,   0.0000
   0.0036,   0.0106,   0.0218,   0.0374,   0.0567,   0.0812,   0.1068,   0.1384,   0.1733,   0.2122,   0.2569,   0.3038,   0.3560,   0.4118,   0.4717,   0.5366,   0.6064,   0.6808,   0.7625,   0.8492,   0.9376,   1.0399,   1.1451,   1.2655,  -1.3702,   0.0000,   0.0000,   0.0000,   0.0000,   0.0000,   0.0000,   0.0000,   0.0000,   0.0000
   0.0036,   0.0106,   0.0218,   0.0374,   0.0568,   0.0813,   0.1068,   0.1384,   0.1735,   0.2123,   0.2569,   0.3042,   0.3560,   0.4124,   0.4721,   0.5369,   0.6070,   0.6813,   0.7634,   0.8493,   0.9394,   1.0407,   1.1445,   1.2667,  -1.3687,   0.0000,   0.0000,   0.0000,   0.0000,   0.0000,   0.0000,   0.0000,   0.0000,   0.0000
   0.0036,   0.0105,   0.0218,   0.0374,   0.0568,   0.0813,   0.1068,   0.1384,   0.1737,   0.2126,   0.2569,   0.3043,   0.3568,   0.4128,   0.4718,   0.5371,   0.6075,   0.6821,   0.7636,   0.8498,   0.9407,   1.0423,   1.1472,   1.2655,  -1.3684,   0.0000,   0.0000,   0.0000,   0.0000,   0.0000,   0.0000,   0.0000,   0.0000,   0.0000
   0.0036,   0.0106,   0.0218,   0.0374,   0.0568,   0.0812,   0.1067,   0.1383,   0.1740,   0.2125,   0.2572,   0.3045,   0.3570,   0.4134,   0.4721,   0.5375,   0.6084,   0.6828,   0.7638,   0.8507,   0.9428,   1.0427,   1.1477,   1.2653,  -1.3677,   0.0000,   0.0000,   0.0000,   0.0000,   0.0000,   0.0000,   0.0000,   0.0000,   0.0000
   0.0036,   0.0106,   0.0218,   0.0374,   0.0568,   0.0811,   0.1068,   0.1384,   0.1740,   0.2128,   0.2573,   0.3045,   0.3571,   0.4136,   0.4722,   0.5378,   0.6088,   0.6840,   0.7647,   0.8508,   0.9438,   1.0444,   1.1487,   1.2648,   1.3918,   0.0000,   0.0000,   0.0000,   0.0000,   0.0000,   0.0000,   0.0000,   0.0000,   0.0000
   0.0036,   0.0106,   0.0218,   0.0374,   0.0568,   0.0809,   0.1068,   0.1383,   0.1743,   0.2128,   0.2574,   0.3045,   0.3576,   0.4140,   0.4730,   0.5382,   0.6093,   0.6849,   0.7656,   0.8523,   0.9443,   1.0449,   1.1497,   1.2643,   1.3910,   0.0000,   0.0000,   0.0000,   0.0000,   0.0000,   0.0000,   0.0000,   0.0000,   0.0000
   0.0036,   0.0106,   0.0218,   0.0375,   0.0568,   0.0808,   0.1068,   0.1384,   0.1744,   0.2131,   0.2575,   0.3047,   0.3580,   0.4140,   0.4734,   0.5386,   0.6097,   0.6859,   0.7663,   0.8538,   0.9453,   1.0466,   1.1502,   1.2682,   1.3925,   0.0000,   0.0000,   0.0000,   0.0000,   0.0000,   0.0000,   0.0000,   0.0000,   0.0000
   0.0036,   0.0106,   0.0218,   0.0375,   0.0569,   0.0807,   0.1068,   0.1385,   0.1744,   0.2134,   0.2576,   0.3048,   0.3585,   0.4143,   0.4738,   0.5392,   0.6106,   0.6868,   0.7668,   0.8552,   0.9473,   1.0466,   1.1526,   1.2683,   1.3943,   0.0000,   0.0000,   0.0000,   0.0000,   0.0000,   0.0000,   0.0000,   0.0000,   0.0000
   0.0036,   0.0106,   0.0218,   0.0375,   0.0569,   0.0806,   0.1068,   0.1386,   0.1745,   0.2136,   0.2580,   0.3049,   0.3587,   0.4145,   0.4742,   0.5391,   0.6110,   0.6878,   0.7670,   0.8562,   0.9489,   1.0484,   1.1545,   1.2689,   1.3964,   0.0000,   0.0000,   0.0000,   0.0000,   0.0000,   0.0000,   0.0000,   0.0000,   0.0000
   0.0036,   0.0106,   0.0218,   0.0375,   0.0569,   0.0806,   0.1068,   0.1387,   0.1745,   0.2137,   0.2584,   0.3052,   0.3584,   0.4147,   0.4748,   0.5397,   0.6111,   0.6881,   0.7687,   0.8587,   0.9492,   1.0486,   1.1547,   1.2703,   1.3973,   0.0000,   0.0000,   0.0000,   0.0000,   0.0000,   0.0000,   0.0000,   0.0000,   0.0000
   0.0036,   0.0106,   0.0218,   0.0375,   0.0570,   0.0805,   0.1068,   0.1387,   0.1745,   0.2139,   0.2585,   0.3055,   0.3585,   0.4147,   0.4750,   0.5406,   0.6109,   0.6890,   0.7699,   0.8593,   0.9491,   1.0497,   1.1532,   1.2709,   1.3997,   0.0000,   0.0000,   0.0000,   0.0000,   0.0000,   0.0000,   0.0000,   0.0000,   0.0000
   0.0036,   0.0106,   0.0218,   0.0375,   0.0570,   0.0805,   0.1067,   0.1388,   0.1746,   0.2140,   0.2589,   0.3058,   0.3587,   0.4148,   0.4757,   0.5414,   0.6120,   0.6891,   0.7695,   0.8606,   0.9503,   1.0506,   1.1542,   1.2726,   1.4008,   0.0000,   0.0000,   0.0000,   0.0000,   0.0000,   0.0000,   0.0000,   0.0000,   0.0000
   0.0036,   0.0106,   0.0218,   0.0375,   0.0570,   0.0806,   0.1068,   0.1389,   0.1747,   0.2143,   0.2591,   0.3062,   0.3587,   0.4153,   0.4757,   0.5420,   0.6126,   0.6899,   0.7711,   0.8604,   0.9519,   1.0520,   1.1548,   1.2740,   1.4037,   0.0000,   0.0000,   0.0000,   0.0000,   0.0000,   0.0000,   0.0000,   0.0000,   0.0000
   0.0036,   0.0107,   0.0218,   0.0374,   0.0571,   0.0807,   0.1067,   0.1389,   0.1748,   0.2145,   0.2594,   0.3066,   0.3585,   0.4151,   0.4760,   0.5426,   0.6132,   0.6905,   0.7727,   0.8607,   0.9547,   1.0540,   1.1554,   1.2738,   1.4045,   0.0000,   0.0000,   0.0000,   0.0000,   0.0000,   0.0000,   0.0000,   0.0000,   0.0000
   0.0036,   0.0107,   0.0218,   0.0374,   0.0572,   0.0807,   0.1068,   0.1388,   0.1749,   0.2145,   0.2597,   0.3070,   0.3586,   0.4156,   0.4762,   0.5427,   0.6134,   0.6916,   0.7745,   0.8621,   0.9551,   1.0562,   1.1557,   1.2741,   1.4051,   0.0000,   0.0000,   0.0000,   0.0000,   0.0000,   0.0000,   0.0000,   0.0000,   0.0000
   0.0036,   0.0107,   0.0219,   0.0375,   0.0572,   0.0809,   0.1068,   0.1388,   0.1751,   0.2147,   0.2599,   0.3075,   0.3592,   0.4157,   0.4764,   0.5436,   0.6139,   0.6917,   0.7753,   0.8628,   0.9561,   1.0580,   1.1562,   1.2737,   1.4061,   0.0000,   0.0000,   0.0000,   0.0000,   0.0000,   0.0000,   0.0000,   0.0000,   0.0000
   0.0036,   0.0107,   0.0219,   0.0375,   0.0572,   0.0810,   0.1068,   0.1388,   0.1752,   0.2148,   0.2599,   0.3077,   0.3595,   0.4162,   0.4768,   0.5444,   0.6147,   0.6929,   0.7755,   0.8625,   0.9577,   1.0590,   1.1571,   1.2743,   1.4085,   0.0000,   0.0000,   0.0000,   0.0000,   0.0000,   0.0000,   0.0000,   0.0000,   0.0000
   0.0036,   0.0107,   0.0219,   0.0375,   0.0572,   0.0811,   0.1069,   0.1388,   0.1754,   0.2150,   0.2600,   0.3079,   0.3595,   0.4167,   0.4773,   0.5447,   0.6154,   0.6938,   0.7760,   0.8639,   0.9597,   1.0606,   1.1609,   1.2762,   1.4115,   0.0000,   0.0000,   0.0000,   0.0000,   0.0000,   0.0000,   0.0000,   0.0000,   0.0000
   0.0036,   0.0107,   0.0219,   0.0375,   0.0574,   0.0812,   0.1069,   0.1388,   0.1755,   0.2150,   0.2599,   0.3081,   0.3600,   0.4173,   0.4776,   0.5450,   0.6155,   0.6948,   0.7779,   0.8652,   0.9609,   1.0622,   1.1623,   1.2770,   1.4186,   0.0000,   0.0000,   0.0000,   0.0000,   0.0000,   0.0000,   0.0000,   0.0000,   0.0000
   0.0036,   0.0107,   0.0219,   0.0375,   0.0575,   0.0812,   0.1069,   0.1388,   0.1756,   0.2152,   0.2601,   0.3081,   0.3603,   0.4175,   0.4781,   0.5457,   0.6159,   0.6953,   0.7776,   0.8669,   0.9625,   1.0634,   1.1651,   1.2797,   1.4215,   0.0000,   0.0000,   0.0000,   0.0000,   0.0000,   0.0000,   0.0000,   0.0000,   0.0000
   0.0036,   0.0107,   0.0220,   0.0374,   0.0575,   0.0812,   0.1070,   0.1389,   0.1756,   0.2151,   0.2602,   0.3081,   0.3607,   0.4184,   0.4786,   0.5464,   0.6164,   0.6962,   0.7776,   0.8683,   0.9624,   1.0642,   1.1675,   1.2826,   1.4195,   0.0000,   0.0000,   0.0000,   0.0000,   0.0000,   0.0000,   0.0000,   0.0000,   0.0000
   0.0036,   0.0107,   0.0220,   0.0374,   0.0575,   0.0813,   0.1069,   0.1390,   0.1757,   0.2151,   0.2604,   0.3082,   0.3610,   0.4185,   0.4794,   0.5472,   0.6169,   0.6966,   0.7780,   0.8684,   0.9639,   1.0664,   1.1691,   1.2861,   1.4195,   0.0000,   0.0000,   0.0000,   0.0000,   0.0000,   0.0000,   0.0000,   0.0000,   0.0000
   0.0036,   0.0107,   0.0220,   0.0374,   0.0576,   0.0813,   0.1069,   0.1389,   0.1758,   0.2152,   0.2602,   0.3080,   0.3607,   0.4188,   0.4797,   0.5479,   0.6175,   0.6973,   0.7789,   0.8689,   0.9643,   1.0666,   1.1721,   1.2895,   1.4268,   0.0000,   0.0000,   0.0000,   0.0000,   0.0000,   0.0000,   0.0000,   0.0000,   0.0000
   0.0036,   0.0107,   0.0221,   0.0374,   0.0577,   0.0812,   0.1069,   0.1389,   0.1760,   0.2151,   0.2600,   0.3080,   0.3609,   0.4190,   0.4801,   0.5482,   0.6187,   0.6971,   0.7801,   0.8701,   0.9662,   1.0694,   1.1741,   1.2921,   1.4287,   0.0000,   0.0000,   0.0000,   0.0000,   0.0000,   0.0000,   0.0000,   0.0000,   0.0000
   0.0036,   0.0107,   0.0221,   0.0374,   0.0577,   0.0813,   0.1069,   0.1389,   0.1761,   0.2154,   0.2602,   0.3083,   0.3613,   0.4191,   0.4802,   0.5485,   0.6193,   0.6975,   0.7808,   0.8711,   0.9665,   1.0699,   1.1753,   1.2929,   1.4296,   0.0000,   0.0000,   0.0000,   0.0000,   0.0000,   0.0000,   0.0000,   0.0000,   0.0000
   0.0036,   0.0107,   0.0221,   0.0374,   0.0577,   0.0815,   0.1070,   0.1390,   0.1763,   0.2157,   0.2598,   0.3086,   0.3616,   0.4192,   0.4807,   0.5486,   0.6202,   0.6979,   0.7813,   0.8713,   0.9676,   1.0700,   1.1769,   1.2948,   1.4250,   0.0000,   0.0000,   0.0000,   0.0000,   0.0000,   0.0000,   0.0000,   0.0000,   0.0000
   0.0036,   0.0107,   0.0221,   0.0374,   0.0578,   0.0815,   0.1072,   0.1392,   0.1765,   0.2158,   0.2597,   0.3089,   0.3618,   0.4194,   0.4811,   0.5488,   0.6209,   0.6981,   0.7818,   0.8714,   0.9680,   1.0714,   1.1773,   1.2960,   1.4246,   0.0000,   0.0000,   0.0000,   0.0000,   0.0000,   0.0000,   0.0000,   0.0000,   0.0000
   0.0037,   0.0108,   0.0221,   0.0374,   0.0579,   0.0816,   0.1071,   0.1393,   0.1766,   0.2158,   0.2597,   0.3091,   0.3619,   0.4195,   0.4815,   0.5493,   0.6212,   0.6985,   0.7829,   0.8709,   0.9691,   1.0714,   1.1791,   1.2939,   1.4318,   0.0000,   0.0000,   0.0000,   0.0000,   0.0000,   0.0000,   0.0000,   0.0000,   0.0000
   0.0037,   0.0108,   0.0221,   0.0374,   0.0579,   0.0816,   0.1073,   0.1394,   0.1768,   0.2161,   0.2598,   0.3093,   0.3622,   0.4198,   0.4816,   0.5496,   0.6217,   0.6988,   0.7831,   0.8714,   0.9691,   1.0714,   1.1796,   1.2950,   1.4365,   0.0000,   0.0000,   0.0000,   0.0000,   0.0000,   0.0000,   0.0000,   0.0000,   0.0000
   0.0037,   0.0108,   0.0222,   0.0374,   0.0579,   0.0818,   0.1074,   0.1396,   0.1768,   0.2163,   0.2602,   0.3096,   0.3625,   0.4202,   0.4818,   0.5502,   0.6219,   0.6994,   0.7834,   0.8719,   0.9695,   1.0719,   1.1799,   1.2960,   1.4350,   0.0000,   0.0000,   0.0000,   0.0000,   0.0000,   0.0000,   0.0000,   0.0000,   0.0000
   0.0037,   0.0108,   0.0222,   0.0374,   0.0580,   0.0819,   0.1075,   0.1397,   0.1768,   0.2165,   0.2609,   0.3098,   0.3626,   0.4205,   0.4820,   0.5505,   0.6220,   0.7005,   0.7837,   0.8718,   0.9698,   1.0721,   1.1808,   1.2977,   1.4354,   0.0000,   0.0000,   0.0000,   0.0000,   0.0000,   0.0000,   0.0000,   0.0000,   0.0000
   0.0037,   0.0108,   0.0222,   0.0374,   0.0580,   0.0819,   0.1076,   0.1400,   0.1768,   0.2163,   0.2608,   0.3098,   0.3626,   0.4209,   0.4824,   0.5511,   0.6227,   0.7005,   0.7845,   0.8720,   0.9700,   1.0731,   1.1825,   1.3002,   1.4353,   0.0000,   0.0000,   0.0000,   0.0000,   0.0000,   0.0000,   0.0000,   0.0000,   0.0000
   0.0037,   0.0108,   0.0222,   0.0374,   0.0581,   0.0819,   0.1076,   0.1401,   0.1769,   0.2164,   0.2614,   0.3100,   0.3626,   0.4210,   0.4825,   0.5519,   0.6224,   0.7003,   0.7856,   0.8727,   0.9705,   1.0731,   1.1834,   1.3004,   1.4381,   0.0000,   0.0000,   0.0000,   0.0000,   0.0000,   0.0000,   0.0000,   0.0000,   0.0000
   0.0037,   0.0108,   0.0222,   0.0374,   0.0581,   0.0818,   0.1076,   0.1402,   0.1770,   0.2165,   0.2620,   0.3101,   0.3627,   0.4212,   0.4825,   0.5522,   0.6222,   0.7003,   0.7857,   0.8740,   0.9713,   1.0734,   1.1843,   1.3006,   1.4402,   0.0000,   0.0000,   0.0000,   0.0000,   0.0000,   0.0000,   0.0000,   0.0000,   0.0000
   0.0037,   0.0109,   0.0222,   0.0375,   0.0581,   0.0818,   0.1078,   0.1402,   0.1771,   0.2166,   0.2624,   0.3104,   0.3626,   0.4212,   0.4826,   0.5522,   0.6223,   0.7011,   0.7860,   0.8755,   0.9718,   1.0746,   1.1841,   1.3033,   1.4404,   0.0000,   0.0000,   0.0000,   0.0000,   0.0000,   0.0000,   0.0000,   0.0000,   0.0000
   0.0037,   0.0109,   0.0222,   0.0375,   0.0581,   0.0818,   0.1079,   0.1404,   0.1772,   0.2167,   0.2624,   0.3106,   0.3627,   0.4215,   0.4828,   0.5523,   0.6223,   0.7009,   0.7865,   0.8763,   0.9722,   1.0758,   1.1850,   1.3038,   1.4412,   0.0000,   0.0000,   0.0000,   0.0000,   0.0000,   0.0000,   0.0000,   0.0000,   0.0000
   0.0037,   0.0109,   0.0222,   0.0375,   0.0581,   0.0817,   0.1079,   0.1406,   0.1774,   0.2167,   0.2622,   0.3109,   0.3627,   0.4215,   0.4831,   0.5523,   0.6226,   0.7011,   0.7875,   0.8779,   0.9723,   1.0773,   1.1858,   1.3037,   1.4392,   0.0000,   0.0000,   0.0000,   0.0000,   0.0000,   0.0000,   0.0000,   0.0000,   0.0000
   0.0037,   0.0109,   0.0222,   0.0375,   0.0581,   0.0816,   0.1080,   0.1408,   0.1774,   0.2167,   0.2622,   0.3111,   0.3628,   0.4214,   0.4832,   0.5523,   0.6225,   0.7014,   0.7872,   0.8790,   0.9734,   1.0766,   1.1858,   1.3031,   1.4412,   0.0000,   0.0000,   0.0000,   0.0000,   0.0000,   0.0000,   0.0000,   0.0000,   0.0000
   0.0037,   0.0109,   0.0222,   0.0376,   0.0580,   0.0816,   0.1081,   0.1409,   0.1776,   0.2169,   0.2627,   0.3111,   0.3629,   0.4215,   0.4830,   0.5526,   0.6226,   0.7019,   0.7873,   0.8784,   0.9742,   1.0768,   1.1850,   1.3025,   1.4432,   0.0000,   0.0000,   0.0000,   0.0000,   0.0000,   0.0000,   0.0000,   0.0000,   0.0000
   0.0037,   0.0109,   0.0222,   0.0376,   0.0580,   0.0817,   0.1081,   0.1410,   0.1776,   0.2169,   0.2633,   0.3110,   0.3629,   0.4215,   0.4835,   0.5530,   0.6228,   0.7028,   0.7872,   0.8788,   0.9748,   1.0782,   1.1854,   1.3038,   1.4442,   0.0000,   0.0000,   0.0000,   0.0000,   0.0000,   0.0000,   0.0000,   0.0000,   0.0000
   0.0037,   0.0109,   0.0222,   0.0376,   0.0580,   0.0819,   0.1082,   0.1410,   0.1775,   0.2169,   0.2632,   0.3109,   0.3629,   0.4218,   0.4840,   0.5535,   0.6226,   0.7039,   0.7881,   0.8786,   0.9752,   1.0776,   1.1861,   1.3041,   1.4440,   0.0000,   0.0000,   0.0000,   0.0000,   0.0000,   0.0000,   0.0000,   0.0000,   0.0000
   0.0037,   0.0109,   0.0222,   0.0376,   0.0580,   0.0820,   0.1083,   0.1411,   0.1775,   0.2172,   0.2631,   0.3109,   0.3634,   0.4216,   0.4843,   0.5539,   0.6232,   0.7039,   0.7878,   0.8776,   0.9753,   1.0772,   1.1867,   1.3059,   1.4431,   0.0000,   0.0000,   0.0000,   0.0000,   0.0000,   0.0000,   0.0000,   0.0000,   0.0000
   0.0037,   0.0109,   0.0222,   0.0376,   0.0579,   0.0821,   0.1083,   0.1410,   0.1775,   0.2172,   0.2634,   0.3111,   0.3632,   0.4217,   0.4848,   0.5543,   0.6236,   0.7046,   0.7879,   0.8781,   0.9758,   1.0761,   1.1880,   1.3047,   1.4423,   0.0000,   0.0000,   0.0000,   0.0000,   0.0000,   0.0000,   0.0000,   0.0000,   0.0000
   0.0037,   0.0109,   0.0222,   0.0376,   0.0579,   0.0822,   0.1085,   0.1411,   0.1774,   0.2174,   0.2639,   0.3112,   0.3634,   0.4220,   0.4850,   0.5548,   0.6244,   0.7043,   0.7875,   0.8775,   0.9768,   1.0756,   1.1873,   1.3060,   1.4449,   0.0000,   0.0000,   0.0000,   0.0000,   0.0000,   0.0000,   0.0000,   0.0000,   0.0000
   0.0037,   0.0109,   0.0222,   0.0377,   0.0579,   0.0823,   0.1084,   0.1410,   0.1776,   0.2176,   0.2639,   0.3112,   0.3636,   0.4224,   0.4852,   0.5551,   0.6252,   0.7045,   0.7872,   0.8772,   0.9765,   1.0762,   1.1882,   1.3070,   1.4458,   0.0000,   0.0000,   0.0000,   0.0000,   0.0000,   0.0000,   0.0000,   0.0000,   0.0000
   0.0037,   0.0109,   0.0222,   0.0377,   0.0579,   0.0824,   0.1084,   0.1412,   0.1774,   0.2177,   0.2639,   0.3116,   0.3639,   0.4227,   0.4859,   0.5553,   0.6253,   0.7044,   0.7873,   0.8784,   0.9759,   1.0755,   1.1887,   1.3071,   1.4448,   0.0000,   0.0000,   0.0000,   0.0000,   0.0000,   0.0000,   0.0000,   0.0000,   0.0000
   0.0037,   0.0109,   0.0222,   0.0378,   0.0578,   0.0824,   0.1085,   0.1413,   0.1776,   0.2178,   0.2638,   0.3118,   0.3641,   0.4229,   0.4865,   0.5550,   0.6256,   0.7041,   0.7868,   0.8787,   0.9752,   1.0745,   1.1892,   1.3073,   1.4441,   0.0000,   0.0000,   0.0000,   0.0000,   0.0000,   0.0000,   0.0000,   0.0000,   0.0000
   0.0037,   0.0109,   0.0222,   0.0378,   0.0577,   0.0825,   0.1084,   0.1415,   0.1777,   0.2179,   0.2638,   0.3121,   0.3645,   0.4229,   0.4864,   0.5551,   0.6266,   0.7039,   0.7867,   0.8790,   0.9745,   1.0755,   1.1888,   1.3077,   1.4454,   0.0000,   0.0000,   0.0000,   0.0000,   0.0000,   0.0000,   0.0000,   0.0000,   0.0000
   0.0037,   0.0109,   0.0223,   0.0378,   0.0578,   0.0825,   0.1083,   0.1416,   0.1778,   0.2177,   0.2640,   0.3120,   0.3645,   0.4234,   0.4866,   0.5551,   0.6263,   0.7038,   0.7872,   0.8792,   0.9739,   1.0748,   1.1880,   1.3078,   1.4454,   0.0000,   0.0000,   0.0000,   0.0000,   0.0000,   0.0000,   0.0000,   0.0000,   0.0000
   0.0037,   0.0108,   0.0223,   0.0378,   0.0579,   0.0824,   0.1082,   0.1418,   0.1779,   0.2178,   0.2638,   0.3120,   0.3649,   0.4234,   0.4864,   0.5551,   0.6263,   0.7031,   0.7868,   0.8781,   0.9735,   1.0763,   1.1872,   1.3098,   1.4448,   0.0000,   0.0000,   0.0000,   0.0000,   0.0000,   0.0000,   0.0000,   0.0000,   0.0000
   0.0037,   0.0108,   0.0223,   0.0379,   0.0580,   0.0825,   0.1081,   0.1417,   0.1781,   0.2177,   0.2638,   0.3119,   0.3649,   0.4232,   0.4864,   0.5548,   0.6258,   0.7043,   0.7872,   0.8785,   0.9729,   1.0758,   1.1872,   1.3084,   1.4427,   0.0000,   0.0000,   0.0000,   0.0000,   0.0000,   0.0000,   0.0000,   0.0000,   0.0000
   0.0037,   0.0108,   0.0224,   0.0379,   0.0582,   0.0825,   0.1080,   0.1419,   0.1780,   0.2177,   0.2639,   0.3120,   0.3648,   0.4228,   0.4861,   0.5549,   0.6257,   0.7041,   0.7879,   0.8784,   0.9726,   1.0753,   1.1867,   1.3077,   1.4432,   0.0000,   0.0000,   0.0000,   0.0000,   0.0000,   0.0000,   0.0000,   0.0000,   0.0000
   0.0038,   0.0108,   0.0224,   0.0379,   0.0583,   0.0825,   0.1079,   0.1417,   0.1783,   0.2175,   0.2635,   0.3119,   0.3648,   0.4228,   0.4859,   0.5547,   0.6256,   0.7041,   0.7878,   0.8783,   0.9727,   1.0756,   1.1873,   1.3082,   1.4438,   0.0000,   0.0000,   0.0000,   0.0000,   0.0000,   0.0000,   0.0000,   0.0000,   0.0000
   0.0038,   0.0108,   0.0224,   0.0379,   0.0584,   0.0825,   0.1078,   0.1416,   0.1783,   0.2175,   0.2635,   0.3117,   0.3646,   0.4228,   0.4851,   0.5543,   0.6257,   0.7047,   0.7882,   0.8777,   0.9727,   1.0761,   1.1864,   1.3079,   1.4458,   0.0000,   0.0000,   0.0000,   0.0000,   0.0000,   0.0000,   0.0000,   0.0000,   0.0000
   0.0038,   0.0108,   0.0224,   0.0379,   0.0586,   0.0824,   0.1077,   0.1415,   0.1783,   0.2173,   0.2637,   0.3118,   0.3644,   0.4227,   0.4854,   0.5541,   0.6252,   0.7048,   0.7882,   0.8773,   0.9724,   1.0757,   1.1863,   1.3075,   1.4465,   0.0000,   0.0000,   0.0000,   0.0000,   0.0000,   0.0000,   0.0000,   0.0000,   0.0000
   0.0038,   0.0108,   0.0224,   0.0379,   0.0586,   0.0824,   0.1077,   0.1414,   0.1784,   0.2173,   0.2634,   0.3119,   0.3643,   0.4227,   0.4852,   0.5540,   0.6254,   0.7050,   0.7877,   0.8781,   0.9721,   1.0769,   1.1866,   1.3073,   1.4480,   0.0000,   0.0000,   0.0000,   0.0000,   0.0000,   0.0000,   0.0000,   0.0000,   0.0000
   0.0038,   0.0108,   0.0224,   0.0380,   0.0586,   0.0824,   0.1076,   0.1412,   0.1784,   0.2171,   0.2638,   0.3122,   0.3636,   0.4226,   0.4854,   0.5537,   0.6252,   0.7058,   0.7874,   0.8790,   0.9719,   1.0764,   1.1866,   1.3060,   1.4507,   0.0000,   0.0000,   0.0000,   0.0000,   0.0000,   0.0000,   0.0000,   0.0000,   0.0000
   0.0038,   0.0108,   0.0224,   0.0380,   0.0586,   0.0824,   0.1079,   0.1411,   0.1785,   0.2170,   0.2631,   0.3136,   0.3614,   0.4229,   0.4853,   0.5540,   0.6254,   0.7054,   0.7871,   0.8793,   0.9717,   1.0764,   1.1874,   1.3067,   1.4524,   0.0000,   0.0000,   0.0000,   0.0000,   0.0000,   0.0000,   0.0000,   0.0000,   0.0000
   0.0039,   0.0109,   0.0224,   0.0380,   0.0586,   0.0824,   0.1079,   0.1409,   0.1785,   0.2166,   0.2627,   0.3152,   0.3599,   0.4231,   0.4854,   0.5540,   0.6252,   0.7053,   0.7868,   0.8793,   0.9713,   1.0771,   1.1873,   1.3058,   1.4503,   0.0000,   0.0000,   0.0000,   0.0000,   0.0000,   0.0000,   0.0000,   0.0000,   0.0000
   0.0039,   0.0109,   0.0224,   0.0380,   0.0586,   0.0823,   0.1080,   0.1408,   0.1785,   0.2167,   0.2630,   0.3151,   0.3597,   0.4231,   0.4854,   0.5539,   0.6252,   0.7057,   0.7868,   0.8787,   0.9709,   1.0761,   1.1870,   1.3055,   1.4522,   0.0000,   0.0000,   0.0000,   0.0000,   0.0000,   0.0000,   0.0000,   0.0000,   0.0000
