   0.0034,   0.0098,   0.0201,   0.0349,   0.0530,   0.0762,   0.1005,   0.1297,   0.1657,   0.2012,   0.2435,   0.2919,   0.3392,   0.3972,   0.4559,   0.5185,   0.5905,   0.6637,   0.7497,   0.8342,   0.9296,   1.0331,   1.1419,   1.2579,   1.4076,   0.0000,   0.0000,   0.0000,   0.0000,   0.0000,   0.0000,   0.0000,   0.0000,   0.0000
   0.0034,   0.0098,   0.0202,   0.0348,   0.0529,   0.0763,   0.1007,   0.1297,   0.1656,   0.2012,   0.2433,   0.2918,   0.3389,   0.3973,   0.4560,   0.5188,   0.5908,   0.6637,   0.7495,   0.8351,   0.9314,   1.0324,   1.1420,   1.2579,   1.4107,   0.0000,   0.0000,   0.0000,   0.0000,   0.0000,   0.0000,   0.0000,   0.0000,   0.0000
   0.0034,   0.0098,   0.0202,   0.0348,   0.0529,   0.0763,   0.1007,   0.1297,   0.1655,   0.2012,   0.2432,   0.2921,   0.3391,   0.3975,   0.4561,   0.5188,   0.5909,   0.6642,   0.7493,   0.8353,   0.9317,   1.0324,   1.1415,   1.2584,   1.4146,   0.0000,   0.0000,   0.0000,   0.0000,   0.0000,   0.0000,   0.0000,   0.0000,   0.0000
   0.0034,   0.0098,   0.0202,   0.0348,   0.0529,   0.0763,   0.1007,   0.1297,   0.1656,   0.2012,   0.2432,   0.2916,   0.3402,   0.3978,   0.4559,   0.5192,   0.5908,   0.6647,   0.7488,   0.8355,   0.9312,   1.0328,   1.1416,   1.2586,   1.4208,   0.0000,   0.0000,   0.0000,   0.0000,   0.0000,   0.0000,   0.0000,   0.0000,   0.0000
   0.0034,   0.0098,   0.0203,   0.0348,   0.0528,   0.0762,   0.1007,   0.1300,   0.1657,   0.2014,   0.2435,   0.2911,   0.3404,   0.3977,   0.4556,   0.5197,   0.5914,   0.6649,   0.7497,   0.8354,   0.9312,   1.0324,   1.1411,   1.2583,   1.4248,   0.0000,   0.0000,   0.0000,   0.0000,   0.0000,   0.0000,   0.0000,   0.0000,   0.0000
   0.0034,   0.0098,   0.0203,   0.0348,   0.0528,   0.0761,   0.1008,   0.1300,   0.1657,   0.2018,   0.2440,   0.2905,   0.3407,   0.3981,   0.4557,   0.5204,   0.5914,   0.6651,   0.7490,   0.8361,   0.9323,   1.0317,   1.1408,   1.2573,   1.4301,   0.0000,   0.0000,   0.0000,   0.0000,   0.0000,   0.0000,   0.0000,   0.0000,   0.0000
   0.0034,   0.0098,   0.0203,   0.0348,   0.0528,   0.0760,   0.1008,   0.1302,   0.1655,   0.2019,   0.2442,   0.2902,   0.3406,   0.3984,   0.4554,   0.5211,   0.5910,   0.6660,   0.7486,   0.8353,   0.9319,   1.0315,   1.1412,   1.2572,   1.4344,   0.0000,   0.0000,   0.0000,   0.0000,   0.0000,   0.0000,   0.0000,   0.0000,   0.0000
   0.0035,   0.0098,   0.0203,   0.0348,   0.0528,   0.0761,   0.1008,   0.1304,   0.1658,   0.2020,   0.2443,   0.2904,   0.3404,   0.3982,   0.4553,   0.5220,   0.5908,   0.6664,   0.7483,   0.8349,   0.9308,   1.0310,   1.1407,   1.2561,   1.4377,   0.0000,   0.0000,   0.0000,   0.0000,   0.0000,   0.0000,   0.0000,   0.0000,   0.0000
   0.0035,   0.0098,   0.0202,   0.0347,   0.0528,   0.0761,   0.1008,   0.1309,   0.1659,   0.2019,   0.2444,   0.2905,   0.3403,   0.3978,   0.4559,   0.5222,   0.5905,   0.6661,   0.7477,   0.8346,   0.9305,   1.0328,   1.1396,   1.2564,   1.4403,   0.0000,   0.0000,   0.0000,   0.0000,   0.0000,   0.0000,   0.0000,   0.0000,   0.0000
   0.0035,   0.0098,   0.0203,   0.0347,   0.0528,   0.0761,   0.1008,   0.1311,   0.1660,   0.2020,   0.2447,   0.2904,   0.3400,   0.3980,   0.4557,   0.5229,   0.5903,   0.6666,   0.7473,   0.8350,   0.9308,   1.0330,   1.1401,   1.2559,   1.4400,   0.0000,   0.0000,   0.0000,   0.0000,   0.0000,   0.0000,   0.0000,   0.0000,   0.0000
   0.0035,   0.0098,   0.0203,   0.0346,   0.0528,   0.0763,   0.1008,   0.1315,   0.1660,   0.2021,   0.2452,   0.2902,   0.3402,   0.3979,   0.4555,   0.5234,   0.5907,   0.6667,   0.7477,   0.8350,   0.9297,   1.0324,   1.1394,   1.2555,   1.4392,   0.0000,   0.0000,   0.0000,   0.0000,   0.0000,   0.0000,   0.0000,   0.0000,   0.0000
   0.0035,   0.0098,   0.0203,   0.0346,   0.0528,   0.0764,   0.1007,   0.1312,   0.1661,   0.2021,   0.2454,   0.2900,   0.3405,   0.3980,   0.4558,   0.5235,   0.5915,   0.6664,   0.7476,   0.8350,   0.9313,   1.0327,   1.1393,   1.2545,   1.4386,   0.0000,   0.0000,   0.0000,   0.0000,   0.0000,   0.0000,   0.0000,   0.0000,   0.0000
   0.0035,   0.0098,   0.0204,   0.0346,   0.0528,   0.0766,   0.1005,   0.1316,   0.1658,   0.2020,   0.2454,   0.2902,   0.3402,   0.3979,   0.4561,   0.5234,   0.5911,   0.6668,   0.7475,   0.8348,   0.9302,   1.0327,   1.1383,   1.2540,   1.4342,   0.0000,   0.0000,   0.0000,   0.0000,   0.0000,   0.0000,   0.0000,   0.0000,   0.0000
   0.0035,   0.0098,   0.0204,   0.0346,   0.0528,   0.0768,   0.1004,   0.1318,   0.1658,   0.2020,   0.2456,   0.2901,   0.3406,   0.3980,   0.4561,   0.5234,   0.5915,   0.6664,   0.7478,   0.8359,   0.9303,   1.0317,   1.1374,   1.2535,   1.4254,   0.0000,   0.0000,   0.0000,   0.0000,   0.0000,   0.0000,   0.0000,   0.0000,   0.0000
   0.0035,   0.0098,   0.0203,   0.0346,   0.0528,   0.0767,   0.1005,   0.1317,   0.1658,   0.2019,   0.2457,   0.2902,   0.3410,   0.3981,   0.4566,   0.5235,   0.5920,   0.6655,   0.7476,   0.8356,   0.9315,   1.0299,   1.1365,   1.2527,   1.4165,   0.0000,   0.0000,   0.0000,   0.0000,   0.0000,   0.0000,   0.0000,   0.0000,   0.0000
   0.0035,   0.0098,   0.0203,   0.0346,   0.0529,   0.0767,   0.1007,   0.1313,   0.1657,   0.2019,   0.2458,   0.2902,   0.3412,   0.3983,   0.4563,   0.5238,   0.5925,   0.6662,   0.7483,   0.8362,   0.9305,   1.0281,   1.1369,   1.2511,   1.4068,   0.0000,   0.0000,   0.0000,   0.0000,   0.0000,   0.0000,   0.0000,   0.0000,   0.0000
   0.0035,   0.0099,   0.0203,   0.0346,   0.0529,   0.0769,   0.1008,   0.1314,   0.1656,   0.2021,   0.2458,   0.2906,   0.3415,   0.3981,   0.4566,   0.5240,   0.5928,   0.6652,   0.7488,   0.8360,   0.9306,   1.0280,   1.1354,   1.2499,   1.3998,   0.0000,   0.0000,   0.0000,   0.0000,   0.0000,   0.0000,   0.0000,   0.0000,   0.0000
   0.0035,   0.0099,   0.0203,   0.0346,   0.0530,   0.0768,   0.1008,   0.1314,   0.1656,   0.2021,   0.2460,   0.2910,   0.3415,   0.3982,   0.4570,   0.5233,   0.5930,   0.6649,   0.7484,   0.8355,   0.9315,   1.0273,   1.1352,   1.2480,   1.3920,   0.0000,   0.0000,   0.0000,   0.0000,   0.0000,   0.0000,   0.0000,   0.0000,   0.0000
   0.0035,   0.0099,   0.0203,   0.0346,   0.0531,   0.0768,   0.1008,   0.1317,   0.1655,   0.2019,   0.2463,   0.2910,   0.3414,   0.3979,   0.4572,   0.5231,   0.5931,   0.6657,   0.7483,   0.8354,   0.9310,   1.0257,   1.1340,   1.2481,   1.3820,   0.0000,   0.0000,   0.0000,   0.0000,   0.0000,   0.0000,   0.0000,   0.0000,   0.0000
   0.0035,   0.0099,   0.0203,   0.0346,   0.0532,   0.0767,   0.1007,   0.1316,   0.1654,   0.2021,   0.2467,   0.2912,   0.3419,   0.3983,   0.4570,   0.5230,   0.5938,   0.6651,   0.7482,   0.8347,   0.9303,   1.0259,   1.1333,   1.2468,   1.3749,   0.0000,   0.0000,   0.0000,   0.0000,   0.0000,   0.0000,   0.0000,   0.0000,   0.0000
   0.0035,   0.0099,   0.0203,   0.0346,   0.0533,   0.0766,   0.1007,   0.1314,   0.1657,   0.2025,   0.2468,   0.2916,   0.3422,   0.3984,   0.4573,   0.5227,   0.5938,   0.6646,   0.7482,   0.8335,   0.9301,   1.0257,   1.1323,   1.2452,   1.3710,   0.0000,   0.0000,   0.0000,   0.0000,   0.0000,   0.0000,   0.0000,   0.0000,   0.0000
   0.0035,   0.0100,   0.0203,   0.0346,   0.0533,   0.0767,   0.1006,   0.1314,   0.1655,   0.2026,   0.2468,   0.2920,   0.3426,   0.3986,   0.4574,   0.5222,   0.5938,   0.6655,   0.7477,   0.8341,   0.9296,   1.0260,   1.1312,   1.2427,   1.3651,   0.0000,   0.0000,   0.0000,   0.0000,   0.0000,   0.0000,   0.0000,   0.0000,   0.0000
   0.0035,   0.0100,   0.0203,   0.0346,   0.0534,   0.0765,   0.1003,   0.1316,   0.1655,   0.2028,   0.2466,   0.2925,   0.3429,   0.3991,   0.4575,   0.5222,   0.5939,   0.6662,   0.7472,   0.8323,   0.9307,   1.0253,   1.1303,   1.2406,   1.3598,   0.0000,   0.0000,   0.0000,   0.0000,   0.0000,   0.0000,   0.0000,   0.0000,   0.0000
   0.0035,   0.0101,   0.0203,   0.0346,   0.0535,   0.0765,   0.1001,   0.1316,   0.1657,   0.2027,   0.2465,   0.2930,   0.3430,   0.3994,   0.4576,   0.5226,   0.5938,   0.6670,   0.7468,   0.8315,   0.9302,   1.0236,   1.1293,   1.2380,   1.3530,   0.0000,   0.0000,   0.0000,   0.0000,   0.0000,   0.0000,   0.0000,   0.0000,   0.0000
   0.0035,   0.0101,   0.0203,   0.0346,   0.0536,   0.0764,   0.1000,   0.1314,   0.1657,   0.2028,   0.2469,   0.2931,   0.3434,   0.3997,   0.4575,   0.5232,   0.5940,   0.6676,   0.7466,   0.8309,   0.9285,   1.0223,   1.1279,   1.2369,   1.3471,   0.0000,   0.0000,   0.0000,   0.0000,   0.0000,   0.0000,   0.0000,   0.0000,   0.0000
   0.0035,   0.0101,   0.0203,   0.0346,   0.0537,   0.0763,   0.1002,   0.1314,   0.1656,   0.2030,   0.2471,   0.2934,   0.3440,   0.3999,   0.4573,   0.5235,   0.5937,   0.6676,   0.7461,   0.8309,   0.9265,   1.0213,   1.1275,   1.2342,   1.3401,   0.0000,   0.0000,   0.0000,   0.0000,   0.0000,   0.0000,   0.0000,   0.0000,   0.0000
   0.0035,   0.0101,   0.0203,   0.0346,   0.0538,   0.0763,   0.1002,   0.1313,   0.1655,   0.2032,   0.2473,   0.2936,   0.3446,   0.3999,   0.4573,   0.5241,   0.5932,   0.6682,   0.7463,   0.8308,   0.9269,   1.0196,   1.1269,   1.2311,   1.3320,   0.0000,   0.0000,   0.0000,   0.0000,   0.0000,   0.0000,   0.0000,   0.0000,   0.0000
   0.0035,   0.0102,   0.0203,   0.0346,   0.0538,   0.0764,   0.1002,   0.1313,   0.1651,   0.2030,   0.2475,   0.2938,   0.3451,   0.4000,   0.4579,   0.5239,   0.5936,   0.6701,   0.7457,   0.8309,   0.9256,   1.0169,   1.1245,   1.2270,   1.3262,   0.0000,   0.0000,   0.0000,   0.0000,   0.0000,   0.0000,   0.0000,   0.0000,   0.0000
   0.0035,   0.0102,   0.0203,   0.0346,   0.0539,   0.0764,   0.1003,   0.1313,   0.1650,   0.2029,   0.2476,   0.2938,   0.3453,   0.3996,   0.4586,   0.5242,   0.5932,   0.6698,   0.7458,   0.8302,   0.9245,   1.0163,   1.1237,   1.2240,   1.3222,   0.0000,   0.0000,   0.0000,   0.0000,   0.0000,   0.0000,   0.0000,   0.0000,   0.0000
   0.0035,   0.0102,   0.0203,   0.0346,   0.0539,   0.0766,   0.1004,   0.1312,   0.1648,   0.2030,   0.2479,   0.2937,   0.3459,   0.3992,   0.4585,   0.5244,   0.5923,   0.6684,   0.7459,   0.8312,   0.9225,   1.0162,   1.1228,   1.2193,   1.3177,   0.0000,   0.0000,   0.0000,   0.0000,   0.0000,   0.0000,   0.0000,   0.0000,   0.0000
   0.0035,   0.0103,   0.0203,   0.0346,   0.0540,   0.0766,   0.1007,   0.1312,   0.1646,   0.2030,   0.2481,   0.2936,   0.3465,   0.3993,   0.4580,   0.5230,   0.5921,   0.6688,   0.7469,   0.8307,   0.9210,   1.0164,   1.1214,   1.2169,  -1.3310,   0.0000,   0.0000,   0.0000,   0.0000,   0.0000,   0.0000,   0.0000,   0.0000,   0.0000
   0.0035,   0.0103,   0.0204,   0.0346,   0.0539,   0.0767,   0.1010,   0.1312,   0.1648,   0.2033,   0.2477,   0.2935,   0.3469,   0.3990,   0.4584,   0.5228,   0.5916,   0.6686,   0.7458,   0.8310,   0.9224,   1.0166,   1.1183,   1.2131,  -1.3268,   0.0000,   0.0000,   0.0000,   0.0000,   0.0000,   0.0000,   0.0000,   0.0000,   0.0000
   0.0035,   0.0103,   0.0204,   0.0346,   0.0539,   0.0769,   0.1011,   0.1312,   0.1650,   0.2036,   0.2475,   0.2935,   0.3470,   0.3990,   0.4587,   0.5228,   0.5906,   0.6696,   0.7466,   0.8301,   0.9220,   1.0165,   1.1156,   1.2102,  -1.3257,   0.0000,   0.0000,   0.0000,   0.0000,   0.0000,   0.0000,   0.0000,   0.0000,   0.0000
   0.0035,   0.0103,   0.0204,   0.0346,   0.0539,   0.0770,   0.1014,   0.1312,   0.1654,   0.2037,   0.2474,   0.2933,   0.3470,   0.3988,   0.4591,   0.5225,   0.5915,   0.6699,   0.7477,   0.8277,   0.9204,   1.0154,   1.1116,  -1.2245,  -1.3231,   0.0000,   0.0000,   0.0000,   0.0000,   0.0000,   0.0000,   0.0000,   0.0000,   0.0000
   0.0034,   0.0103,   0.0204,   0.0346,   0.0538,   0.0769,   0.1016,   0.1312,   0.1656,   0.2038,   0.2475,   0.2934,   0.3467,   0.3987,   0.4588,   0.5231,   0.5909,   0.6686,   0.7477,   0.8269,   0.9200,   1.0172,   1.1092,  -1.2233,  -1.3205,   0.0000,   0.0000,   0.0000,   0.0000,   0.0000,   0.0000,   0.0000,   0.0000,   0.0000
   0.0034,   0.0104,   0.0204,   0.0346,   0.0538,   0.0770,   0.1016,   0.1313,   0.1660,   0.2042,   0.2474,   0.2933,   0.3468,   0.3990,   0.4585,   0.5231,   0.5918,   0.6684,   0.7468,   0.8267,   0.9193,   1.0162,   1.1052,  -1.2228,  -1.3178,   0.0000,   0.0000,   0.0000,   0.0000,   0.0000,   0.0000,   0.0000,   0.0000,   0.0000
   0.0034,   0.0104,   0.0205,   0.0346,   0.0538,   0.0770,   0.1018,   0.1315,   0.1663,   0.2043,   0.2475,   0.2936,   0.3468,   0.3992,   0.4584,   0.5232,   0.5922,   0.6684,   0.7458,   0.8255,   0.9196,   1.0135,   1.1071,  -1.2232,  -1.3157,   0.0000,   0.0000,   0.0000,   0.0000,   0.0000,   0.0000,   0.0000,   0.0000,   0.0000
   0.0034,   0.0104,   0.0205,   0.0347,   0.0537,   0.0770,   0.1019,   0.1318,   0.1664,   0.2046,   0.2477,   0.2937,   0.3468,   0.3993,   0.4591,   0.5246,   0.5922,   0.6681,   0.7438,   0.8251,   0.9189,   1.0121,   1.1119,  -1.2212,  -1.3125,   0.0000,   0.0000,   0.0000,   0.0000,   0.0000,   0.0000,   0.0000,   0.0000,   0.0000
   0.0034,   0.0104,   0.0205,   0.0347,   0.0537,   0.0771,   0.1019,   0.1321,   0.1664,   0.2047,   0.2476,   0.2939,   0.3467,   0.3997,   0.4592,   0.5251,   0.5921,   0.6680,   0.7444,   0.8246,   0.9175,   1.0107,   1.1133,  -1.2200,  -1.3094,   0.0000,   0.0000,   0.0000,   0.0000,   0.0000,   0.0000,   0.0000,   0.0000,   0.0000
   0.0034,   0.0104,   0.0205,   0.0347,   0.0536,   0.0770,   0.1020,   0.1323,   0.1664,   0.2045,   0.2477,   0.2942,   0.3465,   0.3999,   0.4591,   0.5253,   0.5932,   0.6663,   0.7436,   0.8240,   0.9171,   1.0103,   1.1141,  -1.2186,  -1.3066,   0.0000,   0.0000,   0.0000,   0.0000,   0.0000,   0.0000,   0.0000,   0.0000,   0.0000
   0.0034,   0.0104,   0.0206,   0.0348,   0.0536,   0.0770,   0.1021,   0.1325,   0.1664,   0.2045,   0.2477,   0.2944,   0.3464,   0.4004,   0.4592,   0.5255,   0.5928,   0.6667,   0.7413,   0.8257,   0.9169,   1.0098,   1.1163,  -1.2170,  -1.3037,   0.0000,   0.0000,   0.0000,   0.0000,   0.0000,   0.0000,   0.0000,   0.0000,   0.0000
   0.0034,   0.0104,   0.0206,   0.0349,   0.0535,   0.0769,   0.1021,   0.1329,   0.1664,   0.2047,   0.2477,   0.2944,   0.3464,   0.4009,   0.4596,   0.5259,   0.5929,   0.6668,   0.7413,   0.8257,   0.9157,   1.0087,  -1.1334,  -1.2147,  -1.3002,   0.0000,   0.0000,   0.0000,   0.0000,   0.0000,   0.0000,   0.0000,   0.0000,   0.0000
   0.0034,   0.0104,   0.0206,   0.0349,   0.0535,   0.0768,   0.1022,   0.1332,   0.1665,   0.2048,   0.2478,   0.2946,   0.3466,   0.4011,   0.4593,   0.5263,   0.5924,   0.6666,   0.7416,   0.8245,   0.9146,   1.0079,  -1.1361,  -1.2130,  -1.2972,   0.0000,   0.0000,   0.0000,   0.0000,   0.0000,   0.0000,   0.0000,   0.0000,   0.0000
   0.0034,   0.0104,   0.0207,   0.0350,   0.0535,   0.0768,   0.1023,   0.1333,   0.1666,   0.2050,   0.2478,   0.2947,   0.3464,   0.4014,   0.4595,   0.5261,   0.5927,   0.6669,   0.7420,   0.8244,   0.9134,   1.0071,  -1.1323,  -1.2120,  -1.2946,   0.0000,   0.0000,   0.0000,   0.0000,   0.0000,   0.0000,   0.0000,   0.0000,   0.0000
   0.0034,   0.0104,   0.0207,   0.0350,   0.0535,   0.0768,   0.1023,   0.1334,   0.1667,   0.2055,   0.2476,   0.2948,   0.3467,   0.4016,   0.4591,   0.5263,   0.5927,   0.6666,   0.7414,   0.8247,   0.9112,   1.0050,  -1.1271,  -1.2116,  -1.2922,   0.0000,   0.0000,   0.0000,   0.0000,   0.0000,   0.0000,   0.0000,   0.0000,   0.0000
   0.0034,   0.0104,   0.0207,   0.0351,   0.0535,   0.0767,   0.1023,   0.1335,   0.1667,   0.2056,   0.2480,   0.2947,   0.3469,   0.4018,   0.4592,   0.5266,   0.5927,   0.6651,   0.7411,   0.8240,   0.9097,   1.0028,  -1.1260,  -1.2108,  -1.2907,   0.0000,   0.0000,   0.0000,   0.0000,   0.0000,   0.0000,   0.0000,   0.0000,   0.0000
   0.0034,   0.0104,   0.0207,   0.0352,   0.0535,   0.0767,   0.1023,   0.1336,   0.1670,   0.2059,   0.2482,   0.2947,   0.3472,   0.4019,   0.4595,   0.5265,   0.5925,   0.6648,   0.7408,   0.8244,   0.9087,   0.9986,  -1.1248,  -1.2100,  -1.2881,   0.0000,   0.0000,   0.0000,   0.0000,   0.0000,   0.0000,   0.0000,   0.0000,   0.0000
   0.0034,   0.0104,   0.0208,   0.0352,   0.0535,   0.0767,   0.1023,   0.1337,   0.1672,   0.2063,   0.2485,   0.2948,   0.3475,   0.4018,   0.4599,   0.5262,   0.5925,   0.6641,   0.7409,   0.8235,   0.9081,   0.9976,  -1.1233,  -1.2087,  -1.2864,   0.0000,   0.0000,   0.0000,   0.0000,   0.0000,   0.0000,   0.0000,   0.0000,   0.0000
   0.0034,   0.0104,   0.0208,   0.0353,   0.0535,   0.0767,   0.1022,   0.1337,   0.1674,   0.2065,   0.2488,   0.2949,   0.3478,   0.4025,   0.4587,   0.5261,   0.5924,   0.6638,   0.7406,   0.8236,   0.9084,   0.9975,  -1.1215,  -1.2076,  -1.2824,   0.0000,   0.0000,   0.0000,   0.0000,   0.0000,   0.0000,   0.0000,   0.0000,   0.0000
   0.0034,   0.0104,   0.0208,   0.0354,   0.0535,   0.0767,   0.1022,   0.1336,   0.1676,   0.2067,   0.2489,   0.2955,   0.3480,   0.4026,   0.4595,   0.5257,   0.5923,   0.6642,   0.7408,   0.8240,   0.9083,   0.9999,  -1.1191,  -1.2058,  -1.2803,   0.0000,   0.0000,   0.0000,   0.0000,   0.0000,   0.0000,   0.0000,   0.0000,   0.0000
   0.0034,   0.0104,   0.0208,   0.0354,   0.0535,   0.0767,   0.1022,   0.1336,   0.1679,   0.2068,   0.2495,   0.2955,   0.3468,   0.4025,   0.4595,   0.5258,   0.5928,   0.6631,   0.7409,   0.8252,   0.9089,   1.0059,  -1.1170,  -1.2042,  -1.2771,   0.0000,   0.0000,   0.0000,   0.0000,   0.0000,   0.0000,   0.0000,   0.0000,   0.0000
   0.0034,   0.0104,   0.0208,   0.0355,   0.0535,   0.0767,   0.1021,   0.1337,   0.1682,   0.2067,   0.2499,   0.2956,   0.3469,   0.4024,   0.4602,   0.5240,   0.5928,   0.6631,   0.7420,   0.8260,   0.9112,   1.0108,  -1.1145,  -1.2023,  -1.2737,   0.0000,   0.0000,   0.0000,   0.0000,   0.0000,   0.0000,   0.0000,   0.0000,   0.0000
   0.0034,   0.0104,   0.0208,   0.0356,   0.0535,   0.0768,   0.1021,   0.1337,   0.1684,   0.2067,   0.2500,   0.2957,   0.3470,   0.4021,   0.4601,   0.5239,   0.5927,   0.6649,   0.7419,   0.8249,   0.9116,   1.0147,  -1.1129,  -1.2007,  -1.2705,   0.0000,   0.0000,   0.0000,   0.0000,   0.0000,   0.0000,   0.0000,   0.0000,   0.0000
   0.0034,   0.0103,   0.0208,   0.0357,   0.0535,   0.0768,   0.1021,   0.1337,   0.1684,   0.2068,   0.2500,   0.2961,   0.3470,   0.4020,   0.4598,   0.5236,   0.5927,   0.6658,   0.7417,   0.8242,   0.9128,   1.0190,  -1.1112,  -1.1991,  -1.2677,   0.0000,   0.0000,   0.0000,   0.0000,   0.0000,   0.0000,   0.0000,   0.0000,   0.0000
   0.0034,   0.0103,   0.0208,   0.0357,   0.0535,   0.0769,   0.1021,   0.1337,   0.1684,   0.2068,   0.2500,   0.2961,   0.3470,   0.4019,   0.4595,   0.5238,   0.5922,   0.6662,   0.7418,   0.8248,   0.9124,   1.0204,  -1.1097,  -1.1982,  -1.2646,   0.0000,   0.0000,   0.0000,   0.0000,   0.0000,   0.0000,   0.0000,   0.0000,   0.0000
   0.0034,   0.0103,   0.0208,   0.0358,   0.0536,   0.0770,   0.1021,   0.1336,   0.1684,   0.2067,   0.2499,   0.2962,   0.3471,   0.4013,   0.4604,   0.5236,   0.5920,   0.6665,   0.7417,   0.8246,   0.9123,   1.0198,  -1.1087,  -1.1980,   1.2479,   0.0000,   0.0000,   0.0000,   0.0000,   0.0000,   0.0000,   0.0000,   0.0000,   0.0000
   0.0034,   0.0103,   0.0208,   0.0358,   0.0536,   0.0770,   0.1020,   0.1337,   0.1684,   0.2067,   0.2501,   0.2962,   0.3471,   0.4017,   0.4596,   0.5232,   0.5916,   0.6662,   0.7409,   0.8264,   0.9117,   1.0173,  -1.1077,  -1.1974,   1.2460,   0.0000,   0.0000,   0.0000,   0.0000,   0.0000,   0.0000,   0.0000,   0.0000,   0.0000
   0.0034,   0.0103,   0.0209,   0.0359,   0.0536,   0.0770,   0.1020,   0.1337,   0.1684,   0.2067,   0.2498,   0.2961,   0.3488,   0.4020,   0.4599,   0.5229,   0.5911,   0.6667,   0.7414,   0.8257,   0.9105,   1.0113,  -1.1069,  -1.1966,   1.2431,   0.0000,   0.0000,   0.0000,   0.0000,   0.0000,   0.0000,   0.0000,   0.0000,   0.0000
   0.0034,   0.0103,   0.0209,   0.0360,   0.0536,   0.0770,   0.1020,   0.1335,   0.1683,   0.2067,   0.2499,   0.2965,   0.3488,   0.4019,   0.4600,   0.5244,   0.5914,   0.6664,   0.7414,   0.8238,   0.9094,   1.0059,  -1.1062,  -1.1957,   1.2420,   0.0000,   0.0000,   0.0000,   0.0000,   0.0000,   0.0000,   0.0000,   0.0000,   0.0000
   0.0034,   0.0103,   0.0209,   0.0360,   0.0536,   0.0770,   0.1020,   0.1335,   0.1682,   0.2067,   0.2498,   0.2965,   0.3487,   0.4019,   0.4603,   0.5242,   0.5918,   0.6658,   0.7418,   0.8251,   0.9083,   1.0016,  -1.1051,  -1.1947,   1.2399,   0.0000,   0.0000,   0.0000,   0.0000,   0.0000,   0.0000,   0.0000,   0.0000,   0.0000
   0.0034,   0.0103,   0.0209,   0.0361,   0.0537,   0.0770,   0.1020,   0.1335,   0.1682,   0.2067,   0.2500,   0.2962,   0.3486,   0.4020,   0.4605,   0.5245,   0.5922,   0.6653,   0.7419,   0.8248,   0.9069,   0.9985,  -1.1042,  -1.1939,   1.2384,   0.0000,   0.0000,   0.0000,   0.0000,   0.0000,   0.0000,   0.0000,   0.0000,   0.0000
   0.0034,   0.0103,   0.0209,   0.0361,   0.0537,   0.0771,   0.1020,   0.1336,   0.1682,   0.2067,   0.2502,   0.2965,   0.3482,   0.4020,   0.4607,   0.5245,   0.5923,   0.6652,   0.7420,   0.8242,   0.9066,   0.9940,  -1.1039,  -1.1927,   1.2377,   0.0000,   0.0000,   0.0000,   0.0000,   0.0000,   0.0000,   0.0000,   0.0000,   0.0000
   0.0033,   0.0103,   0.0209,   0.0361,   0.0537,   0.0772,   0.1020,   0.1336,   0.1683,   0.2067,   0.2505,   0.2968,   0.3482,   0.4014,   0.4606,   0.5246,   0.5927,   0.6650,   0.7424,   0.8234,   0.9056,   0.9925,  -1.1027,  -1.1907,   1.2368,   0.0000,   0.0000,   0.0000,   0.0000,   0.0000,   0.0000,   0.0000,   0.0000,   0.0000
   0.0033,   0.0103,   0.0209,   0.0361,   0.0538,   0.0772,   0.1020,   0.1337,   0.1683,   0.2067,   0.2502,   0.2964,   0.3481,   0.4009,   0.4614,   0.5252,   0.5930,   0.6650,   0.7425,   0.8216,   0.9054,   0.9926,  -1.1017,  -1.1895,   1.2363,   0.0000,   0.0000,   0.0000,   0.0000,   0.0000,   0.0000,   0.0000,   0.0000,   0.0000
   0.0033,   0.0103,   0.0209,   0.0361,   0.0538,   0.0772,   0.1020,   0.1337,   0.1684,   0.2066,   0.2503,   0.2963,   0.3480,   0.4006,   0.4618,   0.5252,   0.5924,   0.6655,   0.7414,   0.8211,   0.9048,   0.9955,  -1.1004,  -1.1887,  -1.2508,   0.0000,   0.0000,   0.0000,   0.0000,   0.0000,   0.0000,   0.0000,   0.0000,   0.0000
   0.0033,   0.0103,   0.0210,   0.0361,   0.0539,   0.0773,   0.1019,   0.1338,   0.1684,   0.2066,   0.2503,   0.2959,   0.3478,   0.4011,   0.4622,   0.5249,   0.5925,   0.6655,   0.7420,   0.8212,   0.9058,   0.9966,  -1.0987,  -1.1879,  -1.2512,   0.0000,   0.0000,   0.0000,   0.0000,   0.0000,   0.0000,   0.0000,   0.0000,   0.0000
   0.0033,   0.0103,   0.0210,   0.0361,   0.0539,   0.0773,   0.1019,   0.1338,   0.1685,   0.2066,   0.2502,   0.2958,   0.3476,   0.4016,   0.4619,   0.5253,   0.5924,   0.6655,   0.7395,   0.8202,   0.9062,   0.9978,  -1.0977,  -1.1874,  -1.2523,   0.0000,   0.0000,   0.0000,   0.0000,   0.0000,   0.0000,   0.0000,   0.0000,   0.0000
   0.0033,   0.0103,   0.0210,   0.0361,   0.0539,   0.0773,   0.1019,   0.1339,   0.1685,   0.2067,   0.2501,   0.2958,   0.3478,   0.4017,   0.4623,   0.5252,   0.5922,   0.6653,   0.7396,   0.8205,   0.9057,   0.9972,  -1.0965,  -1.1876,  -1.2547,   0.0000,   0.0000,   0.0000,   0.0000,   0.0000,   0.0000,   0.0000,   0.0000,   0.0000
   0.0033,   0.0103,   0.0210,   0.0361,   0.0540,   0.0773,   0.1021,   0.1338,   0.1685,   0.2066,   0.2500,   0.2957,   0.3482,   0.4018,   0.4622,   0.5250,   0.5927,   0.6651,   0.7390,   0.8204,   0.9056,   0.9981,  -1.0959,  -1.1871,  -1.2567,   0.0000,   0.0000,   0.0000,   0.0000,   0.0000,   0.0000,   0.0000,   0.0000,   0.0000
   0.0033,   0.0103,   0.0210,   0.0361,   0.0539,   0.0773,   0.1021,   0.1339,   0.1688,   0.2066,   0.2490,   0.2953,   0.3482,   0.4026,   0.4629,   0.5251,   0.5930,   0.6648,   0.7384,   0.8210,   0.9056,   0.9945,  -1.0942,  -1.1878,  -1.2591,   0.0000,   0.0000,   0.0000,   0.0000,   0.0000,   0.0000,   0.0000,   0.0000,   0.0000
   0.0033,   0.0103,   0.0210,   0.0360,   0.0539,   0.0774,   0.1022,   0.1339,   0.1689,   0.2064,   0.2492,   0.2952,   0.3481,   0.4032,   0.4629,   0.5252,   0.5931,   0.6647,   0.7381,   0.8211,   0.9053,   0.9901,  -1.0936,  -1.1878,  -1.2616,   0.0000,   0.0000,   0.0000,   0.0000,   0.0000,   0.0000,   0.0000,   0.0000,   0.0000
   0.0033,   0.0103,   0.0210,   0.0360,   0.0540,   0.0774,   0.1022,   0.1339,   0.1683,   0.2066,   0.2492,   0.2953,   0.3482,   0.4032,   0.4628,   0.5254,   0.5937,   0.6644,   0.7384,   0.8210,   0.9058,   0.9856,   1.0831,  -1.1880,  -1.2650,   0.0000,   0.0000,   0.0000,   0.0000,   0.0000,   0.0000,   0.0000,   0.0000,   0.0000
   0.0033,   0.0103,   0.0210,   0.0360,   0.0540,   0.0774,   0.1023,   0.1339,   0.1683,   0.2066,   0.2492,   0.2954,   0.3484,   0.4029,   0.4627,   0.5258,   0.5941,   0.6645,   0.7377,   0.8213,   0.9045,   0.9842,   1.0835,  -1.1874,  -1.2674,   0.0000,   0.0000,   0.0000,   0.0000,   0.0000,   0.0000,   0.0000,   0.0000,   0.0000
   0.0033,   0.0103,   0.0210,   0.0360,   0.0540,   0.0775,   0.1023,   0.1338,   0.1683,   0.2065,   0.2493,   0.2958,   0.3485,   0.4027,   0.4624,   0.5255,   0.5940,   0.6644,   0.7405,   0.8237,   0.9038,   0.9828,   1.0830,  -1.1864,  -1.2697,   0.0000,   0.0000,   0.0000,   0.0000,   0.0000,   0.0000,   0.0000,   0.0000,   0.0000
   0.0033,   0.0103,   0.0210,   0.0360,   0.0539,   0.0775,   0.1023,   0.1339,   0.1683,   0.2065,   0.2493,   0.2959,   0.3486,   0.4022,   0.4625,   0.5256,   0.5937,   0.6648,   0.7406,   0.8239,   0.9040,   0.9835,   1.0843,  -1.1847,  -1.2703,   0.0000,   0.0000,   0.0000,   0.0000,   0.0000,   0.0000,   0.0000,   0.0000,   0.0000
   0.0033,   0.0103,   0.0210,   0.0360,   0.0539,   0.0776,   0.1022,   0.1339,   0.1682,   0.2065,   0.2491,   0.2961,   0.3485,   0.4022,   0.4626,   0.5256,   0.5940,   0.6653,   0.7404,   0.8240,   0.9044,   0.9834,   1.0834,  -1.1839,  -1.2717,   0.0000,   0.0000,   0.0000,   0.0000,   0.0000,   0.0000,   0.0000,   0.0000,   0.0000
   0.0033,   0.0103,   0.0210,   0.0359,   0.0539,   0.0776,   0.1022,   0.1339,   0.1679,   0.2065,   0.2498,   0.2966,   0.3483,   0.4020,   0.4624,   0.5255,   0.5940,   0.6655,   0.7409,   0.8241,   0.9050,   0.9838,   1.0838,  -1.1828,  -1.2721,   0.0000,   0.0000,   0.0000,   0.0000,   0.0000,   0.0000,   0.0000,   0.0000,   0.0000
   0.0033,   0.0103,   0.0210,   0.0360,   0.0539,   0.0775,   0.1022,   0.1339,   0.1675,   0.2067,   0.2498,   0.2967,   0.3482,   0.4018,   0.4624,   0.5255,   0.5941,   0.6657,   0.7416,   0.8245,   0.9068,   0.9866,   1.0831,  -1.1824,  -1.2735,   0.0000,   0.0000,   0.0000,   0.0000,   0.0000,   0.0000,   0.0000,   0.0000,   0.0000
   0.0033,   0.0103,   0.0210,   0.0360,   0.0539,   0.0775,   0.1022,   0.1338,   0.1680,   0.2066,   0.2497,   0.2967,   0.3481,   0.4018,   0.4626,   0.5253,   0.5942,   0.6667,   0.7416,   0.8250,   0.9074,   0.9868,   1.0818,  -1.1812,  -1.2748,   0.0000,   0.0000,   0.0000,   0.0000,   0.0000,   0.0000,   0.0000,   0.0000,   0.0000
   0.0033,   0.0103,   0.0210,   0.0360,   0.0539,   0.0776,   0.1021,   0.1339,   0.1678,   0.2067,   0.2494,   0.2968,   0.3480,   0.4019,   0.4628,   0.5249,   0.5939,   0.6671,   0.7424,   0.8250,   0.9075,   0.9875,   1.0815,  -1.1803,  -1.2755,   0.0000,   0.0000,   0.0000,   0.0000,   0.0000,   0.0000,   0.0000,   0.0000,   0.0000
   0.0033,   0.0103,   0.0210,   0.0360,   0.0538,   0.0776,   0.1022,   0.1339,   0.1676,   0.2068,   0.2491,   0.2969,   0.3483,   0.4014,   0.4635,   0.5252,   0.5934,   0.6679,   0.7423,   0.8239,   0.9099,   0.9881,   1.0811,  -1.1794,  -1.2769,   0.0000,   0.0000,   0.0000,   0.0000,   0.0000,   0.0000,   0.0000,   0.0000,   0.0000
   0.0034,   0.0103,   0.0210,   0.0360,   0.0539,   0.0776,   0.1022,   0.1338,   0.1674,   0.2067,   0.2488,   0.2970,   0.3481,   0.4021,   0.4639,   0.5252,   0.5937,   0.6681,   0.7425,   0.8231,   0.9104,   0.9882,   1.0794,  -1.1788,  -1.2796,   0.0000,   0.0000,   0.0000,   0.0000,   0.0000,   0.0000,   0.0000,   0.0000,   0.0000
   0.0034,   0.0103,   0.0210,   0.0360,   0.0539,   0.0776,   0.1022,   0.1338,   0.1672,   0.2066,   0.2486,   0.2966,   0.3482,   0.4024,   0.4640,   0.5254,   0.5937,   0.6682,   0.7437,   0.8229,   0.9106,   0.9897,   1.0789,  -1.1779,  -1.2812,   0.0000,   0.0000,   0.0000,   0.0000,   0.0000,   0.0000,   0.0000,   0.0000,   0.0000
   0.0034,   0.0103,   0.0210,   0.0360,   0.0539,   0.0776,   0.1022,   0.1337,   0.1670,   0.2064,   0.2483,   0.2963,   0.3484,   0.4018,   0.4643,   0.5257,   0.5940,   0.6689,   0.7455,   0.8210,   0.9106,   0.9949,   1.0791,  -1.1768,  -1.2834,   0.0000,   0.0000,   0.0000,   0.0000,   0.0000,   0.0000,   0.0000,   0.0000,   0.0000
   0.0034,   0.0103,   0.0210,   0.0360,   0.0539,   0.0776,   0.1022,   0.1336,   0.1670,   0.2063,   0.2480,   0.2964,   0.3477,   0.4018,   0.4640,   0.5260,   0.5952,   0.6694,   0.7470,   0.8200,   0.9099,   0.9961,   1.0797,  -1.1757,  -1.2847,   0.0000,   0.0000,   0.0000,   0.0000,   0.0000,   0.0000,   0.0000,   0.0000,   0.0000
   0.0034,   0.0103,   0.0210,   0.0360,   0.0539,   0.0776,   0.1023,   0.1335,   0.1668,   0.2061,   0.2478,   0.2962,   0.3474,   0.4020,   0.4640,   0.5266,   0.5956,   0.6698,   0.7475,   0.8181,   0.9107,   0.9980,   1.0801,  -1.1737,  -1.2863,   0.0000,   0.0000,   0.0000,   0.0000,   0.0000,   0.0000,   0.0000,   0.0000,   0.0000
   0.0034,   0.0103,   0.0210,   0.0360,   0.0539,   0.0776,   0.1023,   0.1333,   0.1669,   0.2059,   0.2479,   0.2960,   0.3471,   0.4020,   0.4631,   0.5275,   0.5955,   0.6692,   0.7493,   0.8189,   0.9102,   0.9986,   1.0814,  -1.1727,  -1.2886,   0.0000,   0.0000,   0.0000,   0.0000,   0.0000,   0.0000,   0.0000,   0.0000,   0.0000
   0.0034,   0.0103,   0.0210,   0.0360,   0.0539,   0.0776,   0.1022,   0.1332,   0.1669,   0.2057,   0.2479,   0.2953,   0.3466,   0.4025,   0.4635,   0.5277,   0.5960,   0.6693,   0.7499,   0.8191,   0.9098,   1.0005,   1.0824,  -1.1736,  -1.2884,   0.0000,   0.0000,   0.0000,   0.0000,   0.0000,   0.0000,   0.0000,   0.0000,   0.0000
   0.0034,   0.0103,   0.0210,   0.0360,   0.0540,   0.0776,   0.1022,   0.1331,   0.1669,   0.2053,   0.2479,   0.2950,   0.3464,   0.4029,   0.4630,   0.5269,   0.5962,   0.6698,   0.7503,   0.8217,   0.9106,   1.0024,   1.0824,   1.1700,   1.2842,   0.0000,   0.0000,   0.0000,   0.0000,   0.0000,   0.0000,   0.0000,   0.0000,   0.0000
   0.0034,   0.0103,   0.0210,   0.0360,   0.0540,   0.0775,   0.1021,   0.1330,   0.1668,   0.2053,   0.2477,   0.2950,   0.3458,   0.4020,   0.4632,   0.5273,   0.5961,   0.6701,   0.7507,   0.8223,   0.9123,   1.0047,   1.0841,   1.1713,   1.2854,   0.0000,   0.0000,   0.0000,   0.0000,   0.0000,   0.0000,   0.0000,   0.0000,   0.0000
   0.0034,   0.0103,   0.0210,   0.0359,   0.0540,   0.0773,   0.1021,   0.1330,   0.1668,   0.2051,   0.2479,   0.2947,   0.3454,   0.4028,   0.4619,   0.5274,   0.5965,   0.6701,   0.7498,   0.8247,   0.9139,   1.0044,   1.0863,   1.1716,   1.2867,   0.0000,   0.0000,   0.0000,   0.0000,   0.0000,   0.0000,   0.0000,   0.0000,   0.0000
   0.0034,   0.0103,   0.0210,   0.0358,   0.0540,   0.0773,   0.1020,   0.1329,   0.1668,   0.2049,   0.2478,   0.2944,   0.3457,   0.4030,   0.4627,   0.5272,   0.5960,   0.6702,   0.7489,   0.8262,   0.9152,   1.0062,   1.0880,   1.1743,   1.2876,   0.0000,   0.0000,   0.0000,   0.0000,   0.0000,   0.0000,   0.0000,   0.0000,   0.0000
   0.0034,   0.0103,   0.0210,   0.0358,   0.0541,   0.0772,   0.1020,   0.1328,   0.1667,   0.2048,   0.2474,   0.2943,   0.3460,   0.4028,   0.4628,   0.5275,   0.5955,   0.6705,   0.7495,   0.8287,   0.9161,   1.0072,   1.0920,   1.1763,   1.2897,   0.0000,   0.0000,   0.0000,   0.0000,   0.0000,   0.0000,   0.0000,   0.0000,   0.0000
   0.0034,   0.0103,   0.0211,   0.0357,   0.0541,   0.0770,   0.1019,   0.1327,   0.1666,   0.2046,   0.2474,   0.2941,   0.3459,   0.4031,   0.4634,   0.5275,   0.5958,   0.6715,   0.7479,   0.8290,   0.9187,   1.0090,   1.0927,   1.1804,   1.2896,   0.0000,   0.0000,   0.0000,   0.0000,   0.0000,   0.0000,   0.0000,   0.0000,   0.0000
   0.0034,   0.0103,   0.0211,   0.0357,   0.0541,   0.0769,   0.1019,   0.1325,   0.1666,   0.2044,   0.2474,   0.2942,   0.3457,   0.4030,   0.4630,   0.5275,   0.5960,   0.6716,   0.7481,   0.8293,   0.9197,   1.0094,   1.0953,   1.1837,   1.2925,   0.0000,   0.0000,   0.0000,   0.0000,   0.0000,   0.0000,   0.0000,   0.0000,   0.0000
   0.0034,   0.0103,   0.0211,   0.0357,   0.0541,   0.0767,   0.1019,   0.1324,   0.1666,   0.2045,   0.2473,   0.2941,   0.3442,   0.4024,   0.4635,   0.5281,   0.5966,   0.6720,   0.7485,   0.8298,   0.9214,   1.0107,   1.0993,   1.1876,   1.2940,   0.0000,   0.0000,   0.0000,   0.0000,   0.0000,   0.0000,   0.0000,   0.0000,   0.0000
   0.0034,   0.0103,   0.0211,   0.0357,   0.0541,   0.0767,   0.1018,   0.1322,   0.1667,   0.2043,   0.2474,   0.2938,   0.3447,   0.4028,   0.4632,   0.5283,   0.5969,   0.6721,   0.7462,   0.8311,   0.9221,   1.0105,   1.1021,   1.1926,   1.2971,   0.0000,   0.0000,   0.0000,   0.0000,   0.0000,   0.0000,   0.0000,   0.0000,   0.0000
   0.0034,   0.0103,   0.0211,   0.0356,   0.0541,   0.0767,   0.1018,   0.1320,   0.1666,   0.2042,   0.2471,   0.2937,   0.3445,   0.4024,   0.4644,   0.5287,   0.5967,   0.6718,   0.7468,   0.8320,   0.9223,   1.0113,   1.1047,   1.1983,  -1.3022,   0.0000,   0.0000,   0.0000,   0.0000,   0.0000,   0.0000,   0.0000,   0.0000,   0.0000
   0.0034,   0.0103,   0.0211,   0.0356,   0.0541,   0.0767,   0.1018,   0.1318,   0.1664,   0.2043,   0.2469,   0.2926,   0.3444,   0.4020,   0.4641,   0.5286,   0.5979,   0.6714,   0.7464,   0.8332,   0.9230,   1.0127,   1.1085,   1.2028,  -1.3067,   0.0000,   0.0000,   0.0000,   0.0000,   0.0000,   0.0000,   0.0000,   0.0000,   0.0000
   0.0034,   0.0103,   0.0211,   0.0355,   0.0541,   0.0767,   0.1016,   0.1319,   0.1665,   0.2041,   0.2473,   0.2924,   0.3438,   0.4022,   0.4638,   0.5282,   0.5980,   0.6690,   0.7457,   0.8337,   0.9237,   1.0151,   1.1111,   1.2101,  -1.3105,   0.0000,   0.0000,   0.0000,   0.0000,   0.0000,   0.0000,   0.0000,   0.0000,   0.0000
   0.0034,   0.0103,   0.0212,   0.0355,   0.0541,   0.0765,   0.1015,   0.1320,   0.1666,   0.2040,   0.2470,   0.2924,   0.3440,   0.4018,   0.4640,   0.5285,   0.5995,   0.6685,   0.7456,   0.8345,   0.9242,   1.0170,   1.1153,   1.2148,  -1.3159,   0.0000,   0.0000,   0.0000,   0.0000,   0.0000,   0.0000,   0.0000,   0.0000,   0.0000
   0.0034,   0.0103,   0.0212,   0.0354,   0.0541,   0.0765,   0.1015,   0.1320,   0.1663,   0.2039,   0.2467,   0.2923,   0.3438,   0.4017,   0.4638,   0.5275,   0.6000,   0.6683,   0.7461,   0.8363,   0.9253,   1.0189,   1.1195,   1.2191,  -1.3217,   0.0000,   0.0000,   0.0000,   0.0000,   0.0000,   0.0000,   0.0000,   0.0000,   0.0000
   0.0034,   0.0103,   0.0212,   0.0354,   0.0541,   0.0763,   0.1016,   0.1320,   0.1660,   0.2034,   0.2462,   0.2921,   0.3450,   0.4020,   0.4638,   0.5284,   0.5999,   0.6675,   0.7469,   0.8360,   0.9258,   1.0206,   1.1217,   1.2223,  -1.3287,   0.0000,   0.0000,   0.0000,   0.0000,   0.0000,   0.0000,   0.0000,   0.0000,   0.0000
   0.0034,   0.0103,   0.0211,   0.0354,   0.0540,   0.0763,   0.1018,   0.1321,   0.1659,   0.2033,   0.2459,   0.2922,   0.3443,   0.4019,   0.4641,   0.5281,   0.6001,   0.6673,   0.7495,   0.8369,   0.9264,   1.0217,   1.1248,   1.2252,  -1.3346,   0.0000,   0.0000,   0.0000,   0.0000,   0.0000,   0.0000,   0.0000,   0.0000,   0.0000
   0.0034,   0.0103,   0.0211,   0.0354,   0.0539,   0.0761,   0.1017,   0.1321,   0.1658,   0.2034,   0.2458,   0.2923,   0.3441,   0.4022,   0.4637,   0.5276,   0.5992,   0.6678,   0.7497,   0.8382,   0.9282,   1.0237,   1.1274,   1.2283,  -1.3407,   0.0000,   0.0000,   0.0000,   0.0000,   0.0000,   0.0000,   0.0000,   0.0000,   0.0000
   0.0034,   0.0103,   0.0211,   0.0354,   0.0539,   0.0760,   0.1016,   0.1321,   0.1657,   0.2031,   0.2458,   0.2927,   0.3443,   0.4024,   0.4626,   0.5280,   0.5981,   0.6683,   0.7511,   0.8391,   0.9295,   1.0254,   1.1294,   1.2320,  -1.3446,   0.0000,   0.0000,   0.0000,   0.0000,   0.0000,   0.0000,   0.0000,   0.0000,   0.0000
   0.0034,   0.0103,   0.0211,   0.0354,   0.0538,   0.0759,   0.1017,   0.1321,   0.1655,   0.2029,   0.2454,   0.2925,   0.3447,   0.4025,   0.4624,   0.5280,   0.5988,   0.6706,   0.7530,   0.8397,   0.9301,   1.0256,   1.1307,   1.2351,  -1.3487,   0.0000,   0.0000,   0.0000,   0.0000,   0.0000,   0.0000,   0.0000,   0.0000,   0.0000
   0.0034,   0.0103,   0.0211,   0.0353,   0.0537,   0.0760,   0.1018,   0.1320,   0.1652,   0.2025,   0.2453,   0.2923,   0.3446,   0.4021,   0.4620,   0.5272,   0.5972,   0.6713,   0.7546,   0.8405,   0.9312,   1.0266,   1.1323,   1.2379,  -1.3544,   0.0000,   0.0000,   0.0000,   0.0000,   0.0000,   0.0000,   0.0000,   0.0000,   0.0000
   0.0034,   0.0103,   0.0211,   0.0353,   0.0537,   0.0761,   0.1017,   0.1320,   0.1654,   0.2021,   0.2452,   0.2922,   0.3448,   0.4019,   0.4617,   0.5271,   0.5971,   0.6716,   0.7548,   0.8401,   0.9316,   1.0277,   1.1329,   1.2412,   1.3612,   0.0000,   0.0000,   0.0000,   0.0000,   0.0000,   0.0000,   0.0000,   0.0000,   0.0000
   0.0034,   0.0103,   0.0211,   0.0353,   0.0536,   0.0761,   0.1016,   0.1319,   0.1655,   0.2025,   0.2455,   0.2921,   0.3450,   0.4012,   0.4612,   0.5253,   0.5973,   0.6723,   0.7543,   0.8413,   0.9331,   1.0283,   1.1354,   1.2452,   1.3647,   0.0000,   0.0000,   0.0000,   0.0000,   0.0000,   0.0000,   0.0000,   0.0000,   0.0000
   0.0034,   0.0103,   0.0211,   0.0352,   0.0535,   0.0762,   0.1015,   0.1316,   0.1656,   0.2023,   0.2455,   0.2921,   0.3454,   0.4014,   0.4608,   0.5249,   0.5963,   0.6722,   0.7548,   0.8413,   0.9337,   1.0311,   1.1364,   1.2479,   1.3686,   0.0000,   0.0000,   0.0000,   0.0000,   0.0000,   0.0000,   0.0000,   0.0000,   0.0000
   0.0034,   0.0103,   0.0211,   0.0352,   0.0535,   0.0763,   0.1015,   0.1315,   0.1655,   0.2020,   0.2456,   0.2919,   0.3455,   0.4009,   0.4606,   0.5242,   0.5969,   0.6720,   0.7548,   0.8416,   0.9339,   1.0324,   1.1379,   1.2502,   1.3722,   0.0000,   0.0000,   0.0000,   0.0000,   0.0000,   0.0000,   0.0000,   0.0000,   0.0000
   0.0034,   0.0103,   0.0211,   0.0352,   0.0535,   0.0764,   0.1015,   0.1313,   0.1655,   0.2021,   0.2455,   0.2920,   0.3456,   0.4002,   0.4610,   0.5232,   0.5968,   0.6721,   0.7553,   0.8415,   0.9347,   1.0335,   1.1372,   1.2514,   1.3778,   0.0000,   0.0000,   0.0000,   0.0000,   0.0000,   0.0000,   0.0000,   0.0000,   0.0000
   0.0034,   0.0104,   0.0210,   0.0352,   0.0535,   0.0765,   0.1016,   0.1313,   0.1650,   0.2022,   0.2455,   0.2922,   0.3454,   0.3995,   0.4608,   0.5227,   0.5957,   0.6722,   0.7546,   0.8422,   0.9349,   1.0351,   1.1380,   1.2536,   1.3822,   0.0000,   0.0000,   0.0000,   0.0000,   0.0000,   0.0000,   0.0000,   0.0000,   0.0000
   0.0034,   0.0104,   0.0210,   0.0352,   0.0534,   0.0765,   0.1017,   0.1313,   0.1649,   0.2025,   0.2452,   0.2928,   0.3453,   0.3994,   0.4604,   0.5222,   0.5956,   0.6725,   0.7540,   0.8425,   0.9349,   1.0368,   1.1388,   1.2564,   1.3862,   0.0000,   0.0000,   0.0000,   0.0000,   0.0000,   0.0000,   0.0000,   0.0000,   0.0000
   0.0034,   0.0104,   0.0209,   0.0351,   0.0534,   0.0765,   0.1018,   0.1312,   0.1647,   0.2029,   0.2454,   0.2926,   0.3451,   0.3991,   0.4606,   0.5221,   0.5953,   0.6727,   0.7534,   0.8430,   0.9357,   1.0379,   1.1396,   1.2590,   1.3919,   0.0000,   0.0000,   0.0000,   0.0000,   0.0000,   0.0000,   0.0000,   0.0000,   0.0000
   0.0034,   0.0104,   0.0209,   0.0351,   0.0534,   0.0765,   0.1019,   0.1311,   0.1642,   0.2029,   0.2455,   0.2928,   0.3449,   0.3990,   0.4597,   0.5226,   0.5941,   0.6723,   0.7537,   0.8430,   0.9358,   1.0377,   1.1405,   1.2604,   1.3963,   0.0000,   0.0000,   0.0000,   0.0000,   0.0000,   0.0000,   0.0000,   0.0000,   0.0000
   0.0034,   0.0104,   0.0209,   0.0351,   0.0535,   0.0765,   0.1020,   0.1312,   0.1639,   0.2029,   0.2453,   0.2924,   0.3443,   0.3985,   0.4591,   0.5223,   0.5944,   0.6720,   0.7535,   0.8442,   0.9347,   1.0375,   1.1417,   1.2626,   1.4016,   0.0000,   0.0000,   0.0000,   0.0000,   0.0000,   0.0000,   0.0000,   0.0000,   0.0000
   0.0034,   0.0104,   0.0209,   0.0351,   0.0535,   0.0765,   0.1020,   0.1311,   0.1636,   0.2030,   0.2451,   0.2927,   0.3436,   0.3983,   0.4587,   0.5221,   0.5944,   0.6718,   0.7531,   0.8425,   0.9352,   1.0390,   1.1427,   1.2663,   1.4052,   0.0000,   0.0000,   0.0000,   0.0000,   0.0000,   0.0000,   0.0000,   0.0000,   0.0000
   0.0034,   0.0104,   0.0208,   0.0351,   0.0536,   0.0766,   0.1020,   0.1313,   0.1634,   0.2030,   0.2449,   0.2928,   0.3435,   0.3979,   0.4584,   0.5220,   0.5941,   0.6720,   0.7524,   0.8423,   0.9341,   1.0401,   1.1451,   1.2682,   1.4069,   0.0000,   0.0000,   0.0000,   0.0000,   0.0000,   0.0000,   0.0000,   0.0000,   0.0000
   0.0034,   0.0104,   0.0208,   0.0351,   0.0536,   0.0766,   0.1020,   0.1312,   0.1635,   0.2030,   0.2449,   0.2927,   0.3430,   0.3977,   0.4581,   0.5219,   0.5937,   0.6715,   0.7521,   0.8414,   0.9344,   1.0410,   1.1470,   1.2704,   1.4118,   0.0000,   0.0000,   0.0000,   0.0000,   0.0000,   0.0000,   0.0000,   0.0000,   0.0000
   0.0034,   0.0103,   0.0208,   0.0351,   0.0537,   0.0766,   0.1021,   0.1312,   0.1634,   0.2028,   0.2452,   0.2921,   0.3426,   0.3977,   0.4578,   0.5220,   0.5932,   0.6706,   0.7518,   0.8406,   0.9345,   1.0407,   1.1485,   1.2713,   1.4145,   0.0000,   0.0000,   0.0000,   0.0000,   0.0000,   0.0000,   0.0000,   0.0000,   0.0000
   0.0034,   0.0103,   0.0208,   0.0351,   0.0537,   0.0766,   0.1020,   0.1313,   0.1632,   0.2027,   0.2451,   0.2923,   0.3422,   0.3971,   0.4575,   0.5224,   0.5927,   0.6701,   0.7515,   0.8398,   0.9338,   1.0415,   1.1490,   1.2716,   1.4076,   0.0000,   0.0000,   0.0000,   0.0000,   0.0000,   0.0000,   0.0000,   0.0000,   0.0000
   0.0034,   0.0103,   0.0208,   0.0351,   0.0537,   0.0765,   0.1020,   0.1314,   0.1634,   0.2027,   0.2449,   0.2921,   0.3420,   0.3965,   0.4576,   0.5224,   0.5935,   0.6699,   0.7509,   0.8382,   0.9326,   1.0434,   1.1494,   1.2716,   1.4066,   0.0000,   0.0000,   0.0000,   0.0000,   0.0000,   0.0000,   0.0000,   0.0000,   0.0000
   0.0034,   0.0103,   0.0208,   0.0351,   0.0537,   0.0765,   0.1020,   0.1315,   0.1634,   0.2026,   0.2448,   0.2921,   0.3420,   0.3958,   0.4577,   0.5219,   0.5939,   0.6699,   0.7499,   0.8370,   0.9334,   1.0447,   1.1503,   1.2700,   1.4044,   0.0000,   0.0000,   0.0000,   0.0000,   0.0000,   0.0000,   0.0000,   0.0000,   0.0000
   0.0034,   0.0103,   0.0208,   0.0352,   0.0537,   0.0764,   0.1020,   0.1315,   0.1634,   0.2026,   0.2447,   0.2918,   0.3421,   0.3954,   0.4574,   0.5220,   0.5940,   0.6698,   0.7494,   0.8375,   0.9322,   1.0429,   1.1504,   1.2701,   1.4035,   0.0000,   0.0000,   0.0000,   0.0000,   0.0000,   0.0000,   0.0000,   0.0000,   0.0000
   0.0034,   0.0102,   0.0208,   0.0352,   0.0537,   0.0764,   0.1019,   0.1315,   0.1634,   0.2026,   0.2447,   0.2915,   0.3416,   0.3951,   0.4573,   0.5217,   0.5940,   0.6690,   0.7487,   0.8367,   0.9323,   1.0414,   1.1503,   1.2707,   1.4042,   0.0000,   0.0000,   0.0000,   0.0000,   0.0000,   0.0000,   0.0000,   0.0000,   0.0000
   0.0034,   0.0102,   0.0208,   0.0352,   0.0537,   0.0763,   0.1017,   0.1315,   0.1634,   0.2024,   0.2447,   0.2915,   0.3416,   0.3948,   0.4572,   0.5213,   0.5942,   0.6687,   0.7483,   0.8363,   0.9321,   1.0403,   1.1502,   1.2694,   1.4017,   0.0000,   0.0000,   0.0000,   0.0000,   0.0000,   0.0000,   0.0000,   0.0000,   0.0000
   0.0034,   0.0102,   0.0208,   0.0352,   0.0537,   0.0764,   0.1018,   0.1315,   0.1634,   0.2025,   0.2446,   0.2917,   0.3414,   0.3942,   0.4574,   0.5208,   0.5941,   0.6679,   0.7480,   0.8365,   0.9323,   1.0389,   1.1489,   1.2685,   1.4007,   0.0000,   0.0000,   0.0000,   0.0000,   0.0000,   0.0000,   0.0000,   0.0000,   0.0000
   0.0034,   0.0102,   0.0208,   0.0352,   0.0536,   0.0765,   0.1018,   0.1314,   0.1633,   0.2023,   0.2444,   0.2914,   0.3415,   0.3942,   0.4571,   0.5204,   0.5941,   0.6675,   0.7480,   0.8364,   0.9327,   1.0375,   1.1491,   1.2692,   1.4076,   0.0000,   0.0000,   0.0000,   0.0000,   0.0000,   0.0000,   0.0000,   0.0000,   0.0000
   0.0034,   0.0101,   0.0208,   0.0352,   0.0536,   0.0765,   0.1015,   0.1314,   0.1633,   0.2020,   0.2444,   0.2915,   0.3415,   0.3946,   0.4567,   0.5202,   0.5937,   0.6675,   0.7479,   0.8362,   0.9327,   1.0353,   1.1482,   1.2689,   1.4103,   0.0000,   0.0000,   0.0000,   0.0000,   0.0000,   0.0000,   0.0000,   0.0000,   0.0000
   0.0034,   0.0101,   0.0209,   0.0352,   0.0536,   0.0766,   0.1013,   0.1314,   0.1632,   0.2019,   0.2444,   0.2916,   0.3417,   0.3949,   0.4566,   0.5207,   0.5932,   0.6670,   0.7485,   0.8359,   0.9328,   1.0330,   1.1479,   1.2709,   1.4119,   0.0000,   0.0000,   0.0000,   0.0000,   0.0000,   0.0000,   0.0000,   0.0000,   0.0000
   0.0034,   0.0101,   0.0209,   0.0351,   0.0536,   0.0765,   0.1013,   0.1315,   0.1633,   0.2018,   0.2444,   0.2914,   0.3418,   0.3951,   0.4567,   0.5204,   0.5922,   0.6663,   0.7487,   0.8361,   0.9330,   1.0319,   1.1480,   1.2694,   1.4113,   0.0000,   0.0000,   0.0000,   0.0000,   0.0000,   0.0000,   0.0000,   0.0000,   0.0000
   0.0034,   0.0101,   0.0209,   0.0351,   0.0535,   0.0764,   0.1014,   0.1316,   0.1633,   0.2013,   0.2442,   0.2912,   0.3422,   0.3954,   0.4569,   0.5207,   0.5913,   0.6659,   0.7486,   0.8361,   0.9318,   1.0311,   1.1485,   1.2687,   1.4105,   0.0000,   0.0000,   0.0000,   0.0000,   0.0000,   0.0000,   0.0000,   0.0000,   0.0000
   0.0034,   0.0100,   0.0209,   0.0351,   0.0535,   0.0764,   0.1014,   0.1315,   0.1632,   0.2013,   0.2443,   0.2911,   0.3426,   0.3955,   0.4569,   0.5210,   0.5905,   0.6655,   0.7485,   0.8366,   0.9314,   1.0296,   1.1477,   1.2689,   1.4093,   0.0000,   0.0000,   0.0000,   0.0000,   0.0000,   0.0000,   0.0000,   0.0000,   0.0000
   0.0034,   0.0100,   0.0209,   0.0351,   0.0535,   0.0763,   0.1011,   0.1316,   0.1634,   0.2009,   0.2443,   0.2907,   0.3429,   0.3959,   0.4566,   0.5214,   0.5906,   0.6656,   0.7488,   0.8360,   0.9308,   1.0283,   1.1477,   1.2691,   1.4072,   0.0000,   0.0000,   0.0000,   0.0000,   0.0000,   0.0000,   0.0000,   0.0000,   0.0000
   0.0034,   0.0100,   0.0210,   0.0351,   0.0535,   0.0762,   0.1011,   0.1317,   0.1634,   0.2009,   0.2443,   0.2904,   0.3428,   0.3961,   0.4566,   0.5214,   0.5902,   0.6656,   0.7483,   0.8362,   0.9295,   1.0277,   1.1474,   1.2667,   1.4042,   0.0000,   0.0000,   0.0000,   0.0000,   0.0000,   0.0000,   0.0000,   0.0000,   0.0000
   0.0034,   0.0100,   0.0210,   0.0351,   0.0535,   0.0761,   0.1012,   0.1316,   0.1635,   0.2010,   0.2442,   0.2901,   0.3428,   0.3961,   0.4569,   0.5213,   0.5894,   0.6653,   0.7476,   0.8365,   0.9285,   1.0272,   1.1472,   1.2655,   1.4005,   0.0000,   0.0000,   0.0000,   0.0000,   0.0000,   0.0000,   0.0000,   0.0000,   0.0000
   0.0034,   0.0100,   0.0210,   0.0351,   0.0535,   0.0760,   0.1010,   0.1316,   0.1637,   0.2009,   0.2444,   0.2898,   0.3429,   0.3961,   0.4567,   0.5214,   0.5885,   0.6655,   0.7471,   0.8363,   0.9275,   1.0275,   1.1458,   1.2637,   1.3971,   0.0000,   0.0000,   0.0000,   0.0000,   0.0000,   0.0000,   0.0000,   0.0000,   0.0000
   0.0034,   0.0100,   0.0210,   0.0351,   0.0534,   0.0761,   0.1007,   0.1315,   0.1637,   0.2009,   0.2444,   0.2898,   0.3428,   0.3963,   0.4569,   0.5213,   0.5881,   0.6656,   0.7460,   0.8365,   0.9275,   1.0274,   1.1438,   1.2619,   1.3955,   0.0000,   0.0000,   0.0000,   0.0000,   0.0000,   0.0000,   0.0000,   0.0000,   0.0000
   0.0034,   0.0100,   0.0210,   0.0351,   0.0534,   0.0761,   0.1006,   0.1314,   0.1637,   0.2013,   0.2447,   0.2898,   0.3425,   0.3962,   0.4564,   0.5213,   0.5880,   0.6649,   0.7451,   0.8358,   0.9278,   1.0270,   1.1433,   1.2603,   1.3922,   0.0000,   0.0000,   0.0000,   0.0000,   0.0000,   0.0000,   0.0000,   0.0000,   0.0000
   0.0034,   0.0100,   0.0209,   0.0351,   0.0534,   0.0762,   0.1007,   0.1314,   0.1639,   0.2013,   0.2447,   0.2896,   0.3424,   0.3964,   0.4564,   0.5214,   0.5884,   0.6646,   0.7451,   0.8352,   0.9279,   1.0273,   1.1425,   1.2586,   1.3905,   0.0000,   0.0000,   0.0000,   0.0000,   0.0000,   0.0000,   0.0000,   0.0000,   0.0000
   0.0034,   0.0100,   0.0209,   0.0352,   0.0534,   0.0762,   0.1007,   0.1315,   0.1640,   0.2017,   0.2445,   0.2895,   0.3423,   0.3964,   0.4563,   0.5214,   0.5879,   0.6643,   0.7448,   0.8344,   0.9271,   1.0275,   1.1421,   1.2571,   1.3899,   0.0000,   0.0000,   0.0000,   0.0000,   0.0000,   0.0000,   0.0000,   0.0000,   0.0000
   0.0034,   0.0100,   0.0209,   0.0352,   0.0534,   0.0763,   0.1005,   0.1313,   0.1640,   0.2015,   0.2446,   0.2896,   0.3422,   0.3965,   0.4564,   0.5217,   0.5876,   0.6636,   0.7450,   0.8331,   0.9273,   1.0272,   1.1412,   1.2570,   1.3908,   0.0000,   0.0000,   0.0000,   0.0000,   0.0000,   0.0000,   0.0000,   0.0000,   0.0000
   0.0034,   0.0100,   0.0209,   0.0352,   0.0533,   0.0762,   0.1005,   0.1313,   0.1641,   0.2016,   0.2447,   0.2895,   0.3415,   0.3967,   0.4563,   0.5220,   0.5875,   0.6632,   0.7444,   0.8331,   0.9279,   1.0284,   1.1410,   1.2553,   1.3889,   0.0000,   0.0000,   0.0000,   0.0000,   0.0000,   0.0000,   0.0000,   0.0000,   0.0000
   0.0034,   0.0100,   0.0209,   0.0353,   0.0533,   0.0760,   0.1006,   0.1315,   0.1641,   0.2015,   0.2446,   0.2894,   0.3410,   0.3969,   0.4569,   0.5221,   0.5875,   0.6623,   0.7439,   0.8322,   0.9284,   1.0281,   1.1401,   1.2543,   1.3893,   0.0000,   0.0000,   0.0000,   0.0000,   0.0000,   0.0000,   0.0000,   0.0000,   0.0000
   0.0034,   0.0100,   0.0209,   0.0353,   0.0533,   0.0759,   0.1007,   0.1315,   0.1643,   0.2013,   0.2446,   0.2896,   0.3403,   0.3969,   0.4572,   0.5225,   0.5879,   0.6615,   0.7438,   0.8305,   0.9282,   1.0284,   1.1392,   1.2535,   1.3892,   0.0000,   0.0000,   0.0000,   0.0000,   0.0000,   0.0000,   0.0000,   0.0000,   0.0000
   0.0034,   0.0100,   0.0209,   0.0353,   0.0533,   0.0759,   0.1005,   0.1315,   0.1645,   0.2011,   0.2448,   0.2897,   0.3402,   0.3969,   0.4569,   0.5227,   0.5886,   0.6616,   0.7436,   0.8305,   0.9286,   1.0288,   1.1383,   1.2531,   1.3900,   0.0000,   0.0000,   0.0000,   0.0000,   0.0000,   0.0000,   0.0000,   0.0000,   0.0000
   0.0034,   0.0100,   0.0209,   0.0353,   0.0533,   0.0758,   0.1003,   0.1315,   0.1646,   0.2013,   0.2447,   0.2898,   0.3398,   0.3970,   0.4565,   0.5229,   0.5881,   0.6616,   0.7429,   0.8303,   0.9275,   1.0295,   1.1380,   1.2530,   1.3892,   0.0000,   0.0000,   0.0000,   0.0000,   0.0000,   0.0000,   0.0000,   0.0000,   0.0000
   0.0034,   0.0100,   0.0209,   0.0353,   0.0533,   0.0757,   0.1001,   0.1314,   0.1647,   0.2012,   0.2450,   0.2899,   0.3396,   0.3970,   0.4567,   0.5228,   0.5887,   0.6608,   0.7420,   0.8305,   0.9287,   1.0305,   1.1378,   1.2515,   1.3879,   0.0000,   0.0000,   0.0000,   0.0000,   0.0000,   0.0000,   0.0000,   0.0000,   0.0000
   0.0034,   0.0100,   0.0208,   0.0353,   0.0533,   0.0756,   0.1004,   0.1314,   0.1648,   0.2014,   0.2451,   0.2899,   0.3397,   0.3966,   0.4566,   0.5225,   0.5888,   0.6608,   0.7414,   0.8303,   0.9291,   1.0304,   1.1373,   1.2497,   1.3860,   0.0000,   0.0000,   0.0000,   0.0000,   0.0000,   0.0000,   0.0000,   0.0000,   0.0000
   0.0034,   0.0100,   0.0208,   0.0354,   0.0533,   0.0755,   0.1002,   0.1316,   0.1649,   0.2015,   0.2452,   0.2899,   0.3397,   0.3965,   0.4563,   0.5226,   0.5891,   0.6606,   0.7414,   0.8297,   0.9283,   1.0297,   1.1362,   1.2498,   1.3869,   0.0000,   0.0000,   0.0000,   0.0000,   0.0000,   0.0000,   0.0000,   0.0000,   0.0000
   0.0034,   0.0100,   0.0208,   0.0354,   0.0533,   0.0756,   0.1003,   0.1314,   0.1649,   0.2017,   0.2450,   0.2900,   0.3395,   0.3964,   0.4551,   0.5225,   0.5893,   0.6609,   0.7416,   0.8298,   0.9274,   1.0297,   1.1357,   1.2498,   1.3855,   0.0000,   0.0000,   0.0000,   0.0000,   0.0000,   0.0000,   0.0000,   0.0000,   0.0000
   0.0034,   0.0100,   0.0208,   0.0354,   0.0533,   0.0756,   0.1004,   0.1314,   0.1649,   0.2020,   0.2449,   0.2899,   0.3395,   0.3962,   0.4551,   0.5225,   0.5891,   0.6613,   0.7419,   0.8299,   0.9267,   1.0291,   1.1361,   1.2493,   1.3843,   0.0000,   0.0000,   0.0000,   0.0000,   0.0000,   0.0000,   0.0000,   0.0000,   0.0000
   0.0034,   0.0100,   0.0208,   0.0354,   0.0533,   0.0754,   0.1006,   0.1314,   0.1649,   0.2022,   0.2446,   0.2900,   0.3395,   0.3960,   0.4550,   0.5221,   0.5887,   0.6618,   0.7420,   0.8303,   0.9269,   1.0284,   1.1350,   1.2482,   1.3833,   0.0000,   0.0000,   0.0000,   0.0000,   0.0000,   0.0000,   0.0000,   0.0000,   0.0000
   0.0034,   0.0100,   0.0208,   0.0354,   0.0533,   0.0753,   0.1008,   0.1313,   0.1649,   0.2018,   0.2449,   0.2900,   0.3396,   0.3962,   0.4547,   0.5217,   0.5896,   0.6613,   0.7422,   0.8302,   0.9272,   1.0281,   1.1344,   1.2474,   1.3822,   0.0000,   0.0000,   0.0000,   0.0000,   0.0000,   0.0000,   0.0000,   0.0000,   0.0000
   0.0034,   0.0100,   0.0208,   0.0355,   0.0533,   0.0754,   0.1008,   0.1313,   0.1649,   0.2021,   0.2446,   0.2901,   0.3395,   0.3960,   0.4540,   0.5213,   0.5891,   0.6624,   0.7423,   0.8306,   0.9265,   1.0279,   1.1338,   1.2477,   1.3820,   0.0000,   0.0000,   0.0000,   0.0000,   0.0000,   0.0000,   0.0000,   0.0000,   0.0000
   0.0034,   0.0100,   0.0208,   0.0354,   0.0533,   0.0754,   0.1006,   0.1313,   0.1650,   0.2023,   0.2444,   0.2903,   0.3391,   0.3965,   0.4536,   0.5211,   0.5900,   0.6631,   0.7424,   0.8312,   0.9257,   1.0280,   1.1335,   1.2477,   1.3819,   0.0000,   0.0000,   0.0000,   0.0000,   0.0000,   0.0000,   0.0000,   0.0000,   0.0000
   0.0034,   0.0100,   0.0208,   0.0354,   0.0533,   0.0755,   0.1006,   0.1312,   0.1651,   0.2020,   0.2443,   0.2904,   0.3395,   0.3966,   0.4535,   0.5205,   0.5899,   0.6635,   0.7435,   0.8313,   0.9261,   1.0280,   1.1343,   1.2479,   1.3809,   0.0000,   0.0000,   0.0000,   0.0000,   0.0000,   0.0000,   0.0000,   0.0000,   0.0000
   0.0034,   0.0100,   0.0208,   0.0354,   0.0533,   0.0756,   0.1003,   0.1311,   0.1652,   0.2020,   0.2444,   0.2905,   0.3399,   0.3968,   0.4536,   0.5199,   0.5899,   0.6641,   0.7445,   0.8312,   0.9264,   1.0285,   1.1345,   1.2476,   1.3782,   0.0000,   0.0000,   0.0000,   0.0000,   0.0000,   0.0000,   0.0000,   0.0000,   0.0000
   0.0034,   0.0100,   0.0208,   0.0354,   0.0533,   0.0757,   0.1002,   0.1310,   0.1652,   0.2020,   0.2444,   0.2905,   0.3405,   0.3964,   0.4529,   0.5193,   0.5900,   0.6646,   0.7455,   0.8317,   0.9265,   1.0287,   1.1343,   1.2480,   1.3780,   0.0000,   0.0000,   0.0000,   0.0000,   0.0000,   0.0000,   0.0000,   0.0000,   0.0000
   0.0034,   0.0100,   0.0208,   0.0354,   0.0533,   0.0759,   0.0999,   0.1310,   0.1652,   0.2020,   0.2446,   0.2905,   0.3406,   0.3967,   0.4527,   0.5194,   0.5905,   0.6643,   0.7470,   0.8317,   0.9257,   1.0285,   1.1348,   1.2484,   1.3780,   0.0000,   0.0000,   0.0000,   0.0000,   0.0000,   0.0000,   0.0000,   0.0000,   0.0000
   0.0034,   0.0100,   0.0208,   0.0354,   0.0533,   0.0759,   0.0997,   0.1310,   0.1653,   0.2024,   0.2444,   0.2905,   0.3407,   0.3965,   0.4529,   0.5194,   0.5898,   0.6650,   0.7474,   0.8315,   0.9258,   1.0278,   1.1348,   1.2497,   1.3787,   0.0000,   0.0000,   0.0000,   0.0000,   0.0000,   0.0000,   0.0000,   0.0000,   0.0000
   0.0034,   0.0100,   0.0208,   0.0353,   0.0534,   0.0760,   0.0996,   0.1310,   0.1652,   0.2023,   0.2445,   0.2907,   0.3409,   0.3964,   0.4531,   0.5195,   0.5899,   0.6652,   0.7480,   0.8316,   0.9258,   1.0275,   1.1346,   1.2501,   1.3786,   0.0000,   0.0000,   0.0000,   0.0000,   0.0000,   0.0000,   0.0000,   0.0000,   0.0000
   0.0034,   0.0100,   0.0208,   0.0353,   0.0534,   0.0761,   0.0997,   0.1309,   0.1652,   0.2022,   0.2448,   0.2907,   0.3414,   0.3961,   0.4530,   0.5198,   0.5897,   0.6651,   0.7488,   0.8325,   0.9259,   1.0276,   1.1342,   1.2503,   1.3772,   0.0000,   0.0000,   0.0000,   0.0000,   0.0000,   0.0000,   0.0000,   0.0000,   0.0000
   0.0034,   0.0100,   0.0208,   0.0353,   0.0534,   0.0760,   0.0997,   0.1309,   0.1650,   0.2026,   0.2448,   0.2912,   0.3417,   0.3958,   0.4536,   0.5199,   0.5895,   0.6645,   0.7486,   0.8322,   0.9267,   1.0284,   1.1336,   1.2501,   1.3753,   0.0000,   0.0000,   0.0000,   0.0000,   0.0000,   0.0000,   0.0000,   0.0000,   0.0000
   0.0034,   0.0100,   0.0208,   0.0352,   0.0534,   0.0759,   0.0997,   0.1309,   0.1652,   0.2026,   0.2451,   0.2915,   0.3418,   0.3958,   0.4539,   0.5203,   0.5896,   0.6644,   0.7482,   0.8320,   0.9273,   1.0285,   1.1335,   1.2501,   1.3749,   0.0000,   0.0000,   0.0000,   0.0000,   0.0000,   0.0000,   0.0000,   0.0000,   0.0000
   0.0034,   0.0100,   0.0207,   0.0352,   0.0533,   0.0759,   0.0997,   0.1309,   0.1653,   0.2027,   0.2452,   0.2920,   0.3417,   0.3965,   0.4543,   0.5205,   0.5898,   0.6641,   0.7478,   0.8315,   0.9271,   1.0294,   1.1331,   1.2495,   1.3725,   0.0000,   0.0000,   0.0000,   0.0000,   0.0000,   0.0000,   0.0000,   0.0000,   0.0000
   0.0034,   0.0100,   0.0207,   0.0351,   0.0533,   0.0758,   0.0998,   0.1309,   0.1654,   0.2027,   0.2452,   0.2925,   0.3419,   0.3968,   0.4547,   0.5204,   0.5893,   0.6641,   0.7467,   0.8316,   0.9280,   1.0300,   1.1330,   1.2485,   1.3684,   0.0000,   0.0000,   0.0000,   0.0000,   0.0000,   0.0000,   0.0000,   0.0000,   0.0000
   0.0034,   0.0100,   0.0207,   0.0351,   0.0533,   0.0758,   0.0998,   0.1308,   0.1654,   0.2029,   0.2453,   0.2928,   0.3421,   0.3967,   0.4549,   0.5205,   0.5896,   0.6640,   0.7466,   0.8322,   0.9284,   1.0311,   1.1324,   1.2457,   1.3639,   0.0000,   0.0000,   0.0000,   0.0000,   0.0000,   0.0000,   0.0000,   0.0000,   0.0000
   0.0034,   0.0100,   0.0207,   0.0351,   0.0533,   0.0758,   0.0998,   0.1307,   0.1654,   0.2030,   0.2455,   0.2932,   0.3424,   0.3969,   0.4551,   0.5206,   0.5902,   0.6631,   0.7458,   0.8318,   0.9279,   1.0322,   1.1321,   1.2441,   1.3585,   0.0000,   0.0000,   0.0000,   0.0000,   0.0000,   0.0000,   0.0000,   0.0000,   0.0000
   0.0034,   0.0100,   0.0207,   0.0351,   0.0534,   0.0758,   0.0998,   0.1309,   0.1652,   0.2031,   0.2455,   0.2936,   0.3427,   0.3969,   0.4556,   0.5205,   0.5891,   0.6629,   0.7459,   0.8311,   0.9280,   1.0319,   1.1315,   1.2418,   1.3541,   0.0000,   0.0000,   0.0000,   0.0000,   0.0000,   0.0000,   0.0000,   0.0000,   0.0000
   0.0034,   0.0100,   0.0207,   0.0351,   0.0534,   0.0759,   0.0997,   0.1311,   0.1652,   0.2031,   0.2455,   0.2936,   0.3425,   0.3973,   0.4555,   0.5204,   0.5897,   0.6629,   0.7464,   0.8315,   0.9278,   1.0317,   1.1303,   1.2378,   1.3491,   0.0000,   0.0000,   0.0000,   0.0000,   0.0000,   0.0000,   0.0000,   0.0000,   0.0000
   0.0034,   0.0101,   0.0207,   0.0351,   0.0534,   0.0760,   0.0999,   0.1311,   0.1649,   0.2032,   0.2456,   0.2937,   0.3424,   0.3972,   0.4557,   0.5204,   0.5901,   0.6624,   0.7457,   0.8322,   0.9274,   1.0306,   1.1289,   1.2334,   1.3445,   0.0000,   0.0000,   0.0000,   0.0000,   0.0000,   0.0000,   0.0000,   0.0000,   0.0000
   0.0034,   0.0101,   0.0206,   0.0351,   0.0534,   0.0759,   0.1000,   0.1311,   0.1647,   0.2034,   0.2457,   0.2938,   0.3427,   0.3967,   0.4560,   0.5204,   0.5904,   0.6624,   0.7450,   0.8324,   0.9282,   1.0302,   1.1279,   1.2290,   1.3410,   0.0000,   0.0000,   0.0000,   0.0000,   0.0000,   0.0000,   0.0000,   0.0000,   0.0000
   0.0034,   0.0101,   0.0206,   0.0350,   0.0534,   0.0760,   0.1000,   0.1312,   0.1644,   0.2035,   0.2456,   0.2940,   0.3427,   0.3961,   0.4562,   0.5204,   0.5909,   0.6624,   0.7451,   0.8322,   0.9278,   1.0283,   1.1253,   1.2252,   1.3394,   0.0000,   0.0000,   0.0000,   0.0000,   0.0000,   0.0000,   0.0000,   0.0000,   0.0000
   0.0034,   0.0101,   0.0206,   0.0351,   0.0535,   0.0761,   0.1002,   0.1313,   0.1641,   0.2035,   0.2454,   0.2939,   0.3425,   0.3961,   0.4566,   0.5203,   0.5906,   0.6621,   0.7451,   0.8321,   0.9268,   1.0275,   1.1230,   1.2215,   1.3390,   0.0000,   0.0000,   0.0000,   0.0000,   0.0000,   0.0000,   0.0000,   0.0000,   0.0000
   0.0034,   0.0101,   0.0206,   0.0351,   0.0535,   0.0761,   0.1004,   0.1314,   0.1640,   0.2036,   0.2452,   0.2938,   0.3423,   0.3962,   0.4571,   0.5202,   0.5899,   0.6625,   0.7460,   0.8324,   0.9274,   1.0256,   1.1198,   1.2180,   1.3360,   0.0000,   0.0000,   0.0000,   0.0000,   0.0000,   0.0000,   0.0000,   0.0000,   0.0000
   0.0034,   0.0101,   0.0206,   0.0351,   0.0535,   0.0762,   0.1005,   0.1314,   0.1642,   0.2036,   0.2452,   0.2938,   0.3418,   0.3963,   0.4571,   0.5199,   0.5905,   0.6626,   0.7454,   0.8330,   0.9277,   1.0253,   1.1163,   1.2153,   1.3323,   0.0000,   0.0000,   0.0000,   0.0000,   0.0000,   0.0000,   0.0000,   0.0000,   0.0000
   0.0034,   0.0101,   0.0206,   0.0351,   0.0535,   0.0762,   0.1007,   0.1314,   0.1643,   0.2036,   0.2452,   0.2934,   0.3418,   0.3962,   0.4575,   0.5198,   0.5899,   0.6625,   0.7447,   0.8332,   0.9281,   1.0237,   1.1127,   1.2151,   1.3329,   0.0000,   0.0000,   0.0000,   0.0000,   0.0000,   0.0000,   0.0000,   0.0000,   0.0000
   0.0034,   0.0101,   0.0206,   0.0351,   0.0536,   0.0763,   0.1008,   0.1314,   0.1645,   0.2036,   0.2450,   0.2931,   0.3418,   0.3968,   0.4575,   0.5197,   0.5903,   0.6625,   0.7453,   0.8332,   0.9280,   1.0229,   1.1094,   1.2158,   1.3348,   0.0000,   0.0000,   0.0000,   0.0000,   0.0000,   0.0000,   0.0000,   0.0000,   0.0000
   0.0035,   0.0101,   0.0206,   0.0351,   0.0536,   0.0764,   0.1010,   0.1314,   0.1647,   0.2034,   0.2448,   0.2927,   0.3416,   0.3968,   0.4574,   0.5195,   0.5899,   0.6623,   0.7458,   0.8342,   0.9269,   1.0212,   1.1080,   1.2160,   1.3347,   0.0000,   0.0000,   0.0000,   0.0000,   0.0000,   0.0000,   0.0000,   0.0000,   0.0000
   0.0035,   0.0101,   0.0206,   0.0351,   0.0537,   0.0765,   0.1011,   0.1314,   0.1649,   0.2034,   0.2447,   0.2925,   0.3414,   0.3972,   0.4575,   0.5195,   0.5894,   0.6623,   0.7459,   0.8347,   0.9269,   1.0209,   1.1073,   1.2158,   1.3357,   0.0000,   0.0000,   0.0000,   0.0000,   0.0000,   0.0000,   0.0000,   0.0000,   0.0000
   0.0035,   0.0101,   0.0206,   0.0351,   0.0537,   0.0766,   0.1011,   0.1315,   0.1651,   0.2034,   0.2448,   0.2921,   0.3414,   0.3973,   0.4572,   0.5195,   0.5894,   0.6622,   0.7463,   0.8351,   0.9272,   1.0187,   1.1069,   1.2161,   1.3362,   0.0000,   0.0000,   0.0000,   0.0000,   0.0000,   0.0000,   0.0000,   0.0000,   0.0000
   0.0035,   0.0101,   0.0206,   0.0351,   0.0538,   0.0766,   0.1010,   0.1316,   0.1653,   0.2032,   0.2447,   0.2919,   0.3414,   0.3974,   0.4570,   0.5194,   0.5897,   0.6627,   0.7458,   0.8357,   0.9262,   1.0173,   1.1075,   1.2176,   1.3405,   0.0000,   0.0000,   0.0000,   0.0000,   0.0000,   0.0000,   0.0000,   0.0000,   0.0000
   0.0035,   0.0101,   0.0207,   0.0351,   0.0538,   0.0766,   0.1010,   0.1316,   0.1654,   0.2033,   0.2445,   0.2914,   0.3417,   0.3974,   0.4572,   0.5193,   0.5902,   0.6632,   0.7464,   0.8358,   0.9263,   1.0147,   1.1089,   1.2181,   1.3466,   0.0000,   0.0000,   0.0000,   0.0000,   0.0000,   0.0000,   0.0000,   0.0000,   0.0000
   0.0035,   0.0101,   0.0207,   0.0351,   0.0538,   0.0766,   0.1011,   0.1316,   0.1654,   0.2032,   0.2445,   0.2917,   0.3417,   0.3973,   0.4570,   0.5193,   0.5911,   0.6641,   0.7474,   0.8360,   0.9244,   1.0134,   1.1108,   1.2158,   1.3516,   0.0000,   0.0000,   0.0000,   0.0000,   0.0000,   0.0000,   0.0000,   0.0000,   0.0000
   0.0035,   0.0101,   0.0207,   0.0351,   0.0538,   0.0766,   0.1010,   0.1317,   0.1653,   0.2032,   0.2446,   0.2915,   0.3417,   0.3970,   0.4572,   0.5195,   0.5907,   0.6650,   0.7479,   0.8362,   0.9242,   1.0109,   1.1114,   1.2121,   1.3547,   0.0000,   0.0000,   0.0000,   0.0000,   0.0000,   0.0000,   0.0000,   0.0000,   0.0000
   0.0035,   0.0101,   0.0207,   0.0351,   0.0538,   0.0766,   0.1010,   0.1317,   0.1655,   0.2032,   0.2445,   0.2914,   0.3418,   0.3973,   0.4573,   0.5196,   0.5910,   0.6661,   0.7486,   0.8363,   0.9229,   1.0090,   1.1107,   1.2112,   1.3595,   0.0000,   0.0000,   0.0000,   0.0000,   0.0000,   0.0000,   0.0000,   0.0000,   0.0000
   0.0035,   0.0101,   0.0206,   0.0351,   0.0538,   0.0766,   0.1010,   0.1319,   0.1655,   0.2032,   0.2445,   0.2910,   0.3417,   0.3970,   0.4571,   0.5201,   0.5916,   0.6661,   0.7488,   0.8364,   0.9221,   1.0074,   1.1110,   1.2104,   1.3610,   0.0000,   0.0000,   0.0000,   0.0000,   0.0000,   0.0000,   0.0000,   0.0000,   0.0000
   0.0035,   0.0101,   0.0206,   0.0351,   0.0538,   0.0766,   0.1010,   0.1318,   0.1655,   0.2031,   0.2448,   0.2911,   0.3416,   0.3971,   0.4573,   0.5204,   0.5919,   0.6666,   0.7492,   0.8361,   0.9211,   1.0071,   1.1111,   1.2102,   1.3594,   0.0000,   0.0000,   0.0000,   0.0000,   0.0000,   0.0000,   0.0000,   0.0000,   0.0000
   0.0035,   0.0101,   0.0206,   0.0351,   0.0538,   0.0766,   0.1011,   0.1318,   0.1655,   0.2032,   0.2447,   0.2912,   0.3417,   0.3972,   0.4575,   0.5208,   0.5920,   0.6668,   0.7492,   0.8361,   0.9207,   1.0052,   1.1115,   1.2092,   1.3613,   0.0000,   0.0000,   0.0000,   0.0000,   0.0000,   0.0000,   0.0000,   0.0000,   0.0000
   0.0035,   0.0101,   0.0206,   0.0351,   0.0538,   0.0767,   0.1012,   0.1318,   0.1655,   0.2033,   0.2447,   0.2916,   0.3417,   0.3975,   0.4573,   0.5212,   0.5918,   0.6670,   0.7486,   0.8359,   0.9192,   1.0055,   1.1110,   1.2097,  -1.3497,   0.0000,   0.0000,   0.0000,   0.0000,   0.0000,   0.0000,   0.0000,   0.0000,   0.0000
   0.0035,   0.0101,   0.0206,   0.0351,   0.0538,   0.0767,   0.1012,   0.1317,   0.1656,   0.2034,   0.2446,   0.2914,   0.3417,   0.3975,   0.4574,   0.5217,   0.5913,   0.6669,   0.7483,   0.8361,   0.9197,   1.0047,   1.1110,   1.2132,  -1.3508,   0.0000,   0.0000,   0.0000,   0.0000,   0.0000,   0.0000,   0.0000,   0.0000,   0.0000
   0.0035,   0.0101,   0.0206,   0.0351,   0.0538,   0.0768,   0.1012,   0.1317,   0.1658,   0.2035,   0.2447,   0.2916,   0.3417,   0.3979,   0.4574,   0.5218,   0.5910,   0.6666,   0.7481,   0.8361,   0.9186,   1.0050,   1.1120,   1.2182,  -1.3524,   0.0000,   0.0000,   0.0000,   0.0000,   0.0000,   0.0000,   0.0000,   0.0000,   0.0000
   0.0035,   0.0101,   0.0206,   0.0351,   0.0538,   0.0768,   0.1012,   0.1317,   0.1656,   0.2037,   0.2449,   0.2916,   0.3416,   0.3981,   0.4574,   0.5223,   0.5910,   0.6662,   0.7480,   0.8359,   0.9200,   1.0061,   1.1124,   1.2213,  -1.3530,   0.0000,   0.0000,   0.0000,   0.0000,   0.0000,   0.0000,   0.0000,   0.0000,   0.0000
   0.0035,   0.0101,   0.0206,   0.0351,   0.0538,   0.0768,   0.1012,   0.1317,   0.1656,   0.2037,   0.2448,   0.2918,   0.3417,   0.3983,   0.4578,   0.5222,   0.5905,   0.6668,   0.7481,   0.8352,   0.9202,   1.0061,   1.1125,   1.2254,  -1.3561,   0.0000,   0.0000,   0.0000,   0.0000,   0.0000,   0.0000,   0.0000,   0.0000,   0.0000
   0.0035,   0.0101,   0.0206,   0.0351,   0.0538,   0.0768,   0.1012,   0.1317,   0.1656,   0.2038,   0.2447,   0.2920,   0.3417,   0.3981,   0.4580,   0.5220,   0.5906,   0.6669,   0.7479,   0.8348,   0.9209,   1.0064,   1.1128,   1.2270,  -1.3630,   0.0000,   0.0000,   0.0000,   0.0000,   0.0000,   0.0000,   0.0000,   0.0000,   0.0000
   0.0035,   0.0101,   0.0206,   0.0351,   0.0538,   0.0769,   0.1012,   0.1316,   0.1656,   0.2037,   0.2449,   0.2920,   0.3417,   0.3981,   0.4581,   0.5222,   0.5908,   0.6666,   0.7480,   0.8341,   0.9219,   1.0081,   1.1126,   1.2297,  -1.3650,   0.0000,   0.0000,   0.0000,   0.0000,   0.0000,   0.0000,   0.0000,   0.0000,   0.0000
   0.0035,   0.0101,   0.0206,   0.0351,   0.0538,   0.0769,   0.1012,   0.1318,   0.1656,   0.2036,   0.2452,   0.2916,   0.3415,   0.3983,   0.4581,   0.5223,   0.5906,   0.6663,   0.7477,   0.8340,   0.9230,   1.0092,   1.1135,   1.2338,  -1.3662,   0.0000,   0.0000,   0.0000,   0.0000,   0.0000,   0.0000,   0.0000,   0.0000,   0.0000
   0.0035,   0.0101,   0.0206,   0.0351,   0.0537,   0.0768,   0.1012,   0.1318,   0.1655,   0.2036,   0.2452,   0.2917,   0.3415,   0.3986,   0.4581,   0.5225,   0.5907,   0.6660,   0.7468,   0.8333,   0.9238,   1.0104,   1.1130,   1.2373,  -1.3683,   0.0000,   0.0000,   0.0000,   0.0000,   0.0000,   0.0000,   0.0000,   0.0000,   0.0000
   0.0035,   0.0101,   0.0206,   0.0351,   0.0537,   0.0768,   0.1013,   0.1318,   0.1655,   0.2035,   0.2454,   0.2915,   0.3416,   0.3983,   0.4585,   0.5224,   0.5909,   0.6658,   0.7460,   0.8341,   0.9250,   1.0122,   1.1143,   1.2360,  -1.3691,   0.0000,   0.0000,   0.0000,   0.0000,   0.0000,   0.0000,   0.0000,   0.0000,   0.0000
   0.0035,   0.0101,   0.0205,   0.0351,   0.0537,   0.0768,   0.1013,   0.1320,   0.1655,   0.2035,   0.2449,   0.2916,   0.3416,   0.3983,   0.4585,   0.5224,   0.5908,   0.6655,   0.7453,   0.8349,   0.9257,   1.0132,   1.1160,   1.2325,  -1.3706,   0.0000,   0.0000,   0.0000,   0.0000,   0.0000,   0.0000,   0.0000,   0.0000,   0.0000
   0.0035,   0.0101,   0.0205,   0.0351,   0.0537,   0.0768,   0.1013,   0.1316,   0.1656,   0.2036,   0.2450,   0.2917,   0.3417,   0.3986,   0.4583,   0.5226,   0.5909,   0.6654,   0.7448,   0.8348,   0.9265,   1.0153,   1.1171,   1.2303,  -1.3719,   0.0000,   0.0000,   0.0000,   0.0000,   0.0000,   0.0000,   0.0000,   0.0000,   0.0000
   0.0035,   0.0101,   0.0205,   0.0351,   0.0536,   0.0767,   0.1014,   0.1316,   0.1655,   0.2035,   0.2450,   0.2914,   0.3418,   0.3990,   0.4582,   0.5224,   0.5908,   0.6654,   0.7443,   0.8363,   0.9272,   1.0182,   1.1184,   1.2328,  -1.3716,   0.0000,   0.0000,   0.0000,   0.0000,   0.0000,   0.0000,   0.0000,   0.0000,   0.0000
   0.0035,   0.0101,   0.0205,   0.0351,   0.0536,   0.0767,   0.1015,   0.1318,   0.1654,   0.2036,   0.2447,   0.2915,   0.3416,   0.3990,   0.4582,   0.5223,   0.5907,   0.6655,   0.7440,   0.8364,   0.9279,   1.0206,   1.1207,   1.2353,  -1.3723,   0.0000,   0.0000,   0.0000,   0.0000,   0.0000,   0.0000,   0.0000,   0.0000,   0.0000
   0.0035,   0.0101,   0.0205,   0.0351,   0.0536,   0.0767,   0.1015,   0.1315,   0.1654,   0.2035,   0.2444,   0.2915,   0.3417,   0.3989,   0.4584,   0.5226,   0.5909,   0.6654,   0.7442,   0.8368,   0.9287,   1.0224,   1.1231,   1.2381,  -1.3741,   0.0000,   0.0000,   0.0000,   0.0000,   0.0000,   0.0000,   0.0000,   0.0000,   0.0000
   0.0035,   0.0101,   0.0205,   0.0351,   0.0536,   0.0768,   0.1014,   0.1315,   0.1653,   0.2034,   0.2448,   0.2919,   0.3417,   0.3988,   0.4584,   0.5227,   0.5909,   0.6656,   0.7444,   0.8381,   0.9288,   1.0245,   1.1263,   1.2337,  -1.3739,   0.0000,   0.0000,   0.0000,   0.0000,   0.0000,   0.0000,   0.0000,   0.0000,   0.0000
   0.0035,   0.0101,   0.0205,   0.0351,   0.0536,   0.0768,   0.1014,   0.1314,   0.1652,   0.2034,   0.2447,   0.2921,   0.3417,   0.3989,   0.4585,   0.5228,   0.5909,   0.6661,   0.7454,   0.8380,   0.9290,   1.0278,   1.1284,   1.2336,  -1.3746,   0.0000,   0.0000,   0.0000,   0.0000,   0.0000,   0.0000,   0.0000,   0.0000,   0.0000
   0.0035,   0.0100,   0.0205,   0.0351,   0.0536,   0.0768,   0.1014,   0.1310,   0.1652,   0.2035,   0.2449,   0.2922,   0.3418,   0.3987,   0.4588,   0.5226,   0.5910,   0.6666,   0.7462,   0.8365,   0.9306,   1.0300,   1.1298,   1.2377,  -1.3751,   0.0000,   0.0000,   0.0000,   0.0000,   0.0000,   0.0000,   0.0000,   0.0000,   0.0000
   0.0035,   0.0100,   0.0205,   0.0351,   0.0535,   0.0768,   0.1013,   0.1310,   0.1652,   0.2033,   0.2452,   0.2921,   0.3417,   0.3986,   0.4592,   0.5227,   0.5908,   0.6670,   0.7470,   0.8370,   0.9307,   1.0322,   1.1317,   1.2397,  -1.3754,   0.0000,   0.0000,   0.0000,   0.0000,   0.0000,   0.0000,   0.0000,   0.0000,   0.0000
   0.0035,   0.0100,   0.0205,   0.0351,   0.0535,   0.0768,   0.1013,   0.1310,   0.1652,   0.2032,   0.2453,   0.2924,   0.3417,   0.3986,   0.4593,   0.5231,   0.5914,   0.6673,   0.7477,   0.8362,   0.9320,   1.0329,   1.1331,   1.2406,  -1.3764,   0.0000,   0.0000,   0.0000,   0.0000,   0.0000,   0.0000,   0.0000,   0.0000,   0.0000
   0.0035,   0.0100,   0.0205,   0.0351,   0.0535,   0.0768,   0.1012,   0.1307,   0.1650,   0.2032,   0.2457,   0.2929,   0.3418,   0.3987,   0.4593,   0.5232,   0.5916,   0.6677,   0.7480,   0.8367,   0.9319,   1.0341,   1.1342,   1.2395,  -1.3778,   0.0000,   0.0000,   0.0000,   0.0000,   0.0000,   0.0000,   0.0000,   0.0000,   0.0000
   0.0035,   0.0100,   0.0205,   0.0350,   0.0535,   0.0767,   0.1011,   0.1307,   0.1650,   0.2031,   0.2460,   0.2931,   0.3416,   0.3988,   0.4593,   0.5232,   0.5923,   0.6683,   0.7485,   0.8362,   0.9318,   1.0350,   1.1354,   1.2371,  -1.3792,   0.0000,   0.0000,   0.0000,   0.0000,   0.0000,   0.0000,   0.0000,   0.0000,   0.0000
   0.0035,   0.0100,   0.0205,   0.0350,   0.0535,   0.0766,   0.1011,   0.1307,   0.1650,   0.2032,   0.2459,   0.2929,   0.3417,   0.3990,   0.4593,   0.5231,   0.5923,   0.6687,   0.7488,   0.8354,   0.9319,   1.0349,   1.1366,   1.2423,  -1.3811,   0.0000,   0.0000,   0.0000,   0.0000,   0.0000,   0.0000,   0.0000,   0.0000,   0.0000
   0.0035,   0.0100,   0.0205,   0.0350,   0.0535,   0.0766,   0.1010,   0.1307,   0.1650,   0.2031,   0.2459,   0.2932,   0.3417,   0.3991,   0.4587,   0.5233,   0.5928,   0.6687,   0.7480,   0.8346,   0.9320,   1.0339,   1.1383,   1.2473,  -1.3828,   0.0000,   0.0000,   0.0000,   0.0000,   0.0000,   0.0000,   0.0000,   0.0000,   0.0000
   0.0035,   0.0100,   0.0205,   0.0349,   0.0534,   0.0765,   0.1009,   0.1308,   0.1650,   0.2031,   0.2461,   0.2935,   0.3417,   0.3992,   0.4585,   0.5233,   0.5929,   0.6688,   0.7476,   0.8350,   0.9300,   1.0335,   1.1392,   1.2497,  -1.3852,   0.0000,   0.0000,   0.0000,   0.0000,   0.0000,   0.0000,   0.0000,   0.0000,   0.0000
   0.0035,   0.0100,   0.0204,   0.0349,   0.0534,   0.0764,   0.1008,   0.1307,   0.1647,   0.2031,   0.2462,   0.2937,   0.3417,   0.3993,   0.4580,   0.5235,   0.5930,   0.6688,   0.7479,   0.8349,   0.9298,   1.0327,   1.1410,   1.2530,  -1.3878,   0.0000,   0.0000,   0.0000,   0.0000,   0.0000,   0.0000,   0.0000,   0.0000,   0.0000
   0.0035,   0.0100,   0.0204,   0.0349,   0.0534,   0.0763,   0.1006,   0.1307,   0.1647,   0.2033,   0.2463,   0.2940,   0.3417,   0.3992,   0.4580,   0.5237,   0.5925,   0.6689,   0.7472,   0.8346,   0.9287,   1.0334,   1.1418,   1.2549,  -1.3901,   0.0000,   0.0000,   0.0000,   0.0000,   0.0000,   0.0000,   0.0000,   0.0000,   0.0000
   0.0035,   0.0100,   0.0204,   0.0349,   0.0534,   0.0763,   0.1004,   0.1306,   0.1649,   0.2033,   0.2465,   0.2940,   0.3417,   0.3993,   0.4580,   0.5238,   0.5924,   0.6689,   0.7470,   0.8347,   0.9287,   1.0330,   1.1420,   1.2574,  -1.3924,   0.0000,   0.0000,   0.0000,   0.0000,   0.0000,   0.0000,   0.0000,   0.0000,   0.0000
   0.0035,   0.0100,   0.0204,   0.0348,   0.0534,   0.0762,   0.1002,   0.1306,   0.1649,   0.2036,   0.2467,   0.2938,   0.3418,   0.3994,   0.4580,   0.5239,   0.5921,   0.6687,   0.7465,   0.8344,   0.9283,   1.0324,   1.1418,   1.2599,  -1.3930,   0.0000,   0.0000,   0.0000,   0.0000,   0.0000,   0.0000,   0.0000,   0.0000,   0.0000
   0.0035,   0.0100,   0.0204,   0.0348,   0.0534,   0.0762,   0.0999,   0.1305,   0.1649,   0.2036,   0.2468,   0.2941,   0.3420,   0.3992,   0.4581,   0.5241,   0.5920,   0.6680,   0.7468,   0.8344,   0.9282,   1.0340,   1.1427,   1.2605,  -1.3943,   0.0000,   0.0000,   0.0000,   0.0000,   0.0000,   0.0000,   0.0000,   0.0000,   0.0000
   0.0035,   0.0100,   0.0204,   0.0348,   0.0534,   0.0761,   0.0997,   0.1304,   0.1651,   0.2038,   0.2471,   0.2938,   0.3419,   0.3990,   0.4583,   0.5241,   0.5919,   0.6678,   0.7468,   0.8347,   0.9285,   1.0341,   1.1418,   1.2621,  -1.3967,   0.0000,   0.0000,   0.0000,   0.0000,   0.0000,   0.0000,   0.0000,   0.0000,   0.0000
   0.0034,   0.0100,   0.0204,   0.0348,   0.0533,   0.0760,   0.0996,   0.1305,   0.1651,   0.2039,   0.2473,   0.2938,   0.3419,   0.3988,   0.4582,   0.5242,   0.5922,   0.6673,   0.7464,   0.8350,   0.9291,   1.0350,   1.1416,   1.2644,  -1.3979,   0.0000,   0.0000,   0.0000,   0.0000,   0.0000,   0.0000,   0.0000,   0.0000,   0.0000
   0.0034,   0.0100,   0.0204,   0.0348,   0.0533,   0.0759,   0.0994,   0.1305,   0.1656,   0.2039,   0.2472,   0.2939,   0.3418,   0.3987,   0.4587,   0.5241,   0.5922,   0.6670,   0.7457,   0.8357,   0.9290,   1.0355,   1.1414,   1.2649,  -1.3988,   0.0000,   0.0000,   0.0000,   0.0000,   0.0000,   0.0000,   0.0000,   0.0000,   0.0000
   0.0034,   0.0100,   0.0204,   0.0348,   0.0533,   0.0759,   0.0994,   0.1305,   0.1656,   0.2041,   0.2471,   0.2937,   0.3420,   0.3986,   0.4588,   0.5237,   0.5928,   0.6668,   0.7458,   0.8358,   0.9289,   1.0346,   1.1424,   1.2657,   1.4015,   0.0000,   0.0000,   0.0000,   0.0000,   0.0000,   0.0000,   0.0000,   0.0000,   0.0000
   0.0034,   0.0100,   0.0204,   0.0348,   0.0533,   0.0759,   0.0993,   0.1305,   0.1656,   0.2043,   0.2466,   0.2935,   0.3420,   0.3986,   0.4588,   0.5238,   0.5930,   0.6662,   0.7460,   0.8358,   0.9288,   1.0354,   1.1429,   1.2666,   1.4037,   0.0000,   0.0000,   0.0000,   0.0000,   0.0000,   0.0000,   0.0000,   0.0000,   0.0000
   0.0034,   0.0100,   0.0203,   0.0348,   0.0532,   0.0759,   0.0993,   0.1306,   0.1657,   0.2042,   0.2463,   0.2937,   0.3419,   0.3985,   0.4587,   0.5237,   0.5932,   0.6659,   0.7468,   0.8363,   0.9295,   1.0360,   1.1437,   1.2661,   1.4047,   0.0000,   0.0000,   0.0000,   0.0000,   0.0000,   0.0000,   0.0000,   0.0000,   0.0000
   0.0034,   0.0100,   0.0203,   0.0349,   0.0532,   0.0758,   0.0993,   0.1306,   0.1658,   0.2041,   0.2463,   0.2935,   0.3417,   0.3983,   0.4585,   0.5233,   0.5933,   0.6659,   0.7463,   0.8365,   0.9298,   1.0348,   1.1435,   1.2674,   1.4048,   0.0000,   0.0000,   0.0000,   0.0000,   0.0000,   0.0000,   0.0000,   0.0000,   0.0000
   0.0034,   0.0100,   0.0203,   0.0349,   0.0531,   0.0759,   0.0995,   0.1306,   0.1658,   0.2038,   0.2462,   0.2936,   0.3417,   0.3981,   0.4583,   0.5235,   0.5932,   0.6657,   0.7465,   0.8366,   0.9301,   1.0356,   1.1436,   1.2675,   1.4046,   0.0000,   0.0000,   0.0000,   0.0000,   0.0000,   0.0000,   0.0000,   0.0000,   0.0000
   0.0034,   0.0100,   0.0203,   0.0349,   0.0531,   0.0757,   0.0995,   0.1307,   0.1655,   0.2038,   0.2459,   0.2931,   0.3418,   0.3983,   0.4583,   0.5238,   0.5934,   0.6660,   0.7467,   0.8369,   0.9310,   1.0352,   1.1447,   1.2675,   1.4046,   0.0000,   0.0000,   0.0000,   0.0000,   0.0000,   0.0000,   0.0000,   0.0000,   0.0000
   0.0034,   0.0100,   0.0203,   0.0349,   0.0531,   0.0757,   0.0996,   0.1306,   0.1654,   0.2037,   0.2459,   0.2928,   0.3419,   0.3982,   0.4577,   0.5236,   0.5934,   0.6657,   0.7473,   0.8364,   0.9321,   1.0364,   1.1441,   1.2680,   1.4048,   0.0000,   0.0000,   0.0000,   0.0000,   0.0000,   0.0000,   0.0000,   0.0000,   0.0000
   0.0034,   0.0100,   0.0203,   0.0349,   0.0531,   0.0757,   0.0995,   0.1306,   0.1658,   0.2032,   0.2456,   0.2928,   0.3417,   0.3981,   0.4575,   0.5230,   0.5932,   0.6658,   0.7477,   0.8366,   0.9334,   1.0363,   1.1437,   1.2676,   1.4046,   0.0000,   0.0000,   0.0000,   0.0000,   0.0000,   0.0000,   0.0000,   0.0000,   0.0000
   0.0034,   0.0100,   0.0203,   0.0349,   0.0530,   0.0756,   0.0996,   0.1306,   0.1660,   0.2028,   0.2456,   0.2924,   0.3416,   0.3975,   0.4575,   0.5223,   0.5928,   0.6662,   0.7478,   0.8367,   0.9344,   1.0354,   1.1438,   1.2650,   1.4011,   0.0000,   0.0000,   0.0000,   0.0000,   0.0000,   0.0000,   0.0000,   0.0000,   0.0000
   0.0034,   0.0100,   0.0202,   0.0349,   0.0530,   0.0756,   0.0996,   0.1306,   0.1659,   0.2029,   0.2455,   0.2922,   0.3415,   0.3975,   0.4572,   0.5222,   0.5928,   0.6656,   0.7477,   0.8368,   0.9348,   1.0354,   1.1433,   1.2638,   1.3992,   0.0000,   0.0000,   0.0000,   0.0000,   0.0000,   0.0000,   0.0000,   0.0000,   0.0000
   0.0034,   0.0100,   0.0202,   0.0349,   0.0529,   0.0756,   0.0998,   0.1306,   0.1657,   0.2026,   0.2451,   0.2921,   0.3415,   0.3974,   0.4570,   0.5216,   0.5924,   0.6659,   0.7478,   0.8367,   0.9349,   1.0362,   1.1435,   1.2632,   1.3979,   0.0000,   0.0000,   0.0000,   0.0000,   0.0000,   0.0000,   0.0000,   0.0000,   0.0000
   0.0034,   0.0100,   0.0202,   0.0349,   0.0529,   0.0755,   0.0997,   0.1305,   0.1660,   0.2024,   0.2447,   0.2918,   0.3417,   0.3975,   0.4567,   0.5209,   0.5920,   0.6656,   0.7476,   0.8366,   0.9359,   1.0354,   1.1439,   1.2627,   1.3962,   0.0000,   0.0000,   0.0000,   0.0000,   0.0000,   0.0000,   0.0000,   0.0000,   0.0000
   0.0034,   0.0100,   0.0202,   0.0350,   0.0529,   0.0757,   0.0997,   0.1306,   0.1663,   0.2021,   0.2445,   0.2921,   0.3415,   0.3968,   0.4564,   0.5201,   0.5916,   0.6659,   0.7476,   0.8361,   0.9355,   1.0352,   1.1440,   1.2613,   1.3944,   0.0000,   0.0000,   0.0000,   0.0000,   0.0000,   0.0000,   0.0000,   0.0000,   0.0000
   0.0034,   0.0100,   0.0202,   0.0350,   0.0528,   0.0758,   0.0997,   0.1305,   0.1665,   0.2020,   0.2441,   0.2919,   0.3414,   0.3967,   0.4564,   0.5196,   0.5918,   0.6661,   0.7469,   0.8356,   0.9340,   1.0345,   1.1442,   1.2602,   1.3927,   0.0000,   0.0000,   0.0000,   0.0000,   0.0000,   0.0000,   0.0000,   0.0000,   0.0000
   0.0034,   0.0100,   0.0202,   0.0350,   0.0528,   0.0758,   0.0997,   0.1305,   0.1663,   0.2020,   0.2442,   0.2913,   0.3414,   0.3966,   0.4565,   0.5197,   0.5915,   0.6660,   0.7472,   0.8357,   0.9324,   1.0344,   1.1442,   1.2606,   1.3907,   0.0000,   0.0000,   0.0000,   0.0000,   0.0000,   0.0000,   0.0000,   0.0000,   0.0000
   0.0034,   0.0099,   0.0202,   0.0350,   0.0528,   0.0759,   0.0998,   0.1305,   0.1663,   0.2018,   0.2440,   0.2913,   0.3411,   0.3969,   0.4561,   0.5196,   0.5915,   0.6661,   0.7473,   0.8350,   0.9310,   1.0343,   1.1431,   1.2613,   1.3904,   0.0000,   0.0000,   0.0000,   0.0000,   0.0000,   0.0000,   0.0000,   0.0000,   0.0000
   0.0034,   0.0099,   0.0202,   0.0350,   0.0528,   0.0759,   0.1000,   0.1306,   0.1665,   0.2015,   0.2438,   0.2912,   0.3410,   0.3968,   0.4562,   0.5190,   0.5910,   0.6663,   0.7472,   0.8347,   0.9301,   1.0340,   1.1425,   1.2613,   1.3886,   0.0000,   0.0000,   0.0000,   0.0000,   0.0000,   0.0000,   0.0000,   0.0000,   0.0000
   0.0034,   0.0099,   0.0202,   0.0349,   0.0528,   0.0759,   0.0999,   0.1307,   0.1664,   0.2015,   0.2438,   0.2912,   0.3410,   0.3969,   0.4563,   0.5192,   0.5918,   0.6656,   0.7477,   0.8342,   0.9301,   1.0335,   1.1414,   1.2600,   1.3884,   0.0000,   0.0000,   0.0000,   0.0000,   0.0000,   0.0000,   0.0000,   0.0000,   0.0000
   0.0034,   0.0099,   0.0202,   0.0349,   0.0529,   0.0759,   0.0998,   0.1308,   0.1662,   0.2015,   0.2438,   0.2912,   0.3406,   0.3970,   0.4563,   0.5191,   0.5921,   0.6653,   0.7483,   0.8341,   0.9287,   1.0336,   1.1420,   1.2585,   1.3882,   0.0000,   0.0000,   0.0000,   0.0000,   0.0000,   0.0000,   0.0000,   0.0000,   0.0000
   0.0034,   0.0099,   0.0202,   0.0349,   0.0529,   0.0759,   0.1000,   0.1307,   0.1664,   0.2015,   0.2440,   0.2912,   0.3406,   0.3972,   0.4561,   0.5194,   0.5918,   0.6648,   0.7484,   0.8341,   0.9286,   1.0321,   1.1405,   1.2581,   1.3881,   0.0000,   0.0000,   0.0000,   0.0000,   0.0000,   0.0000,   0.0000,   0.0000,   0.0000
   0.0034,   0.0099,   0.0201,   0.0349,   0.0529,   0.0759,   0.1000,   0.1307,   0.1663,   0.2014,   0.2440,   0.2913,   0.3407,   0.3972,   0.4559,   0.5191,   0.5917,   0.6651,   0.7481,   0.8340,   0.9291,   1.0316,   1.1400,   1.2582,   1.3904,   0.0000,   0.0000,   0.0000,   0.0000,   0.0000,   0.0000,   0.0000,   0.0000,   0.0000
   0.0034,   0.0099,   0.0201,   0.0350,   0.0529,   0.0758,   0.1002,   0.1307,   0.1659,   0.2014,   0.2439,   0.2916,   0.3406,   0.3967,   0.4560,   0.5191,   0.5919,   0.6644,   0.7473,   0.8335,   0.9302,   1.0320,   1.1402,   1.2569,   1.3912,   0.0000,   0.0000,   0.0000,   0.0000,   0.0000,   0.0000,   0.0000,   0.0000,   0.0000
   0.0034,   0.0099,   0.0201,   0.0349,   0.0529,   0.0758,   0.1003,   0.1306,   0.1657,   0.2014,   0.2438,   0.2917,   0.3405,   0.3967,   0.4561,   0.5189,   0.5924,   0.6637,   0.7476,   0.8341,   0.9313,   1.0318,   1.1426,   1.2569,   1.3918,   0.0000,   0.0000,   0.0000,   0.0000,   0.0000,   0.0000,   0.0000,   0.0000,   0.0000
   0.0034,   0.0099,   0.0201,   0.0349,   0.0530,   0.0758,   0.1003,   0.1306,   0.1656,   0.2014,   0.2438,   0.2916,   0.3404,   0.3970,   0.4557,   0.5190,   0.5923,   0.6641,   0.7472,   0.8342,   0.9310,   1.0319,   1.1422,   1.2570,   1.3949,   0.0000,   0.0000,   0.0000,   0.0000,   0.0000,   0.0000,   0.0000,   0.0000,   0.0000
   0.0034,   0.0099,   0.0202,   0.0349,   0.0530,   0.0759,   0.1005,   0.1305,   0.1655,   0.2014,   0.2436,   0.2915,   0.3403,   0.3968,   0.4553,   0.5194,   0.5920,   0.6648,   0.7472,   0.8344,   0.9308,   1.0321,   1.1418,   1.2571,   1.3948,   0.0000,   0.0000,   0.0000,   0.0000,   0.0000,   0.0000,   0.0000,   0.0000,   0.0000
   0.0034,   0.0099,   0.0202,   0.0349,   0.0530,   0.0759,   0.1003,   0.1304,   0.1655,   0.2016,   0.2439,   0.2914,   0.3406,   0.3970,   0.4552,   0.5194,   0.5916,   0.6654,   0.7473,   0.8333,   0.9298,   1.0315,   1.1404,   1.2576,   1.3972,   0.0000,   0.0000,   0.0000,   0.0000,   0.0000,   0.0000,   0.0000,   0.0000,   0.0000
   0.0034,   0.0099,   0.0202,   0.0349,   0.0530,   0.0759,   0.1004,   0.1304,   0.1654,   0.2016,   0.2440,   0.2908,   0.3405,   0.3969,   0.4554,   0.5187,   0.5917,   0.6651,   0.7475,   0.8332,   0.9292,   1.0324,   1.1412,   1.2574,   1.3994,   0.0000,   0.0000,   0.0000,   0.0000,   0.0000,   0.0000,   0.0000,   0.0000,   0.0000
   0.0034,   0.0098,   0.0202,   0.0349,   0.0530,   0.0759,   0.1004,   0.1303,   0.1653,   0.2015,   0.2440,   0.2911,   0.3394,   0.3969,   0.4557,   0.5189,   0.5917,   0.6644,   0.7485,   0.8335,   0.9301,   1.0323,   1.1417,   1.2573,   1.3971,   0.0000,   0.0000,   0.0000,   0.0000,   0.0000,   0.0000,   0.0000,   0.0000,   0.0000
   0.0034,   0.0098,   0.0201,   0.0349,   0.0530,   0.0760,   0.1004,   0.1301,   0.1654,   0.2014,   0.2436,   0.2917,   0.3391,   0.3978,   0.4556,   0.5191,   0.5905,   0.6646,   0.7484,   0.8338,   0.9288,   1.0321,   1.1414,   1.2570,   1.3986,   0.0000,   0.0000,   0.0000,   0.0000,   0.0000,   0.0000,   0.0000,   0.0000,   0.0000
   0.0034,   0.0098,   0.0201,   0.0349,   0.0530,   0.0761,   0.1005,   0.1300,   0.1656,   0.2012,   0.2433,   0.2922,   0.3392,   0.3976,   0.4554,   0.5192,   0.5902,   0.6645,   0.7491,   0.8335,   0.9283,   1.0325,   1.1402,   1.2575,   1.4007,   0.0000,   0.0000,   0.0000,   0.0000,   0.0000,   0.0000,   0.0000,   0.0000,   0.0000
   0.0034,   0.0098,   0.0201,   0.0349,   0.0530,   0.0762,   0.1005,   0.1299,   0.1657,   0.2012,   0.2432,   0.2924,   0.3392,   0.3969,   0.4558,   0.5191,   0.5904,   0.6637,   0.7494,   0.8338,   0.9292,   1.0327,   1.1409,   1.2571,   1.4031,   0.0000,   0.0000,   0.0000,   0.0000,   0.0000,   0.0000,   0.0000,   0.0000,   0.0000
