   0.2530,   0.4240,   0.6090,   0.7920,   0.9850,   1.1670,   1.3370,   1.5240,   1.7150,   1.8880,   2.0780,   2.2740,   2.4280,   2.6260,   2.8080,   2.9970,   3.1750,   3.3670,   3.5490,   3.7420,   3.9230,   4.1170,   4.3130,   4.5090,   4.7380,   0.0000,   0.0000,   0.0000,   0.0000,   0.0000,   0.0000,   0.0000,   0.0000,   0.0000
   0.2530,   0.4250,   0.6090,   0.7920,   0.9850,   1.1660,   1.3380,   1.5250,   1.7160,   1.8880,   2.0780,   2.2730,   2.4280,   2.6250,   2.8070,   2.9970,   3.1760,   3.3670,   3.5500,   3.7420,   3.9220,   4.1140,   4.3120,   4.5080,   4.7320,   0.0000,   0.0000,   0.0000,   0.0000,   0.0000,   0.0000,   0.0000,   0.0000,   0.0000
   0.2530,   0.4250,   0.6090,   0.7920,   0.9850,   1.1660,   1.3390,   1.5250,   1.7150,   1.8880,   2.0770,   2.2720,   2.4270,   2.6240,   2.8060,   2.9960,   3.1770,   3.3670,   3.5500,   3.7410,   3.9200,   4.1130,   4.3110,   4.5070,   4.7330,   0.0000,   0.0000,   0.0000,   0.0000,   0.0000,   0.0000,   0.0000,   0.0000,   0.0000
   0.2530,   0.4260,   0.6090,   0.7920,   0.9840,   1.1650,   1.3400,   1.5250,   1.7150,   1.8880,   2.0760,   2.2700,   2.4290,   2.6230,   2.8060,   2.9960,   3.1760,   3.3660,   3.5510,   3.7380,   3.9200,   4.1120,   4.3100,   4.5060,   4.7320,   0.0000,   0.0000,   0.0000,   0.0000,   0.0000,   0.0000,   0.0000,   0.0000,   0.0000
   0.2530,   0.4260,   0.6080,   0.7920,   0.9840,   1.1650,   1.3390,   1.5250,   1.7140,   1.8870,   2.0780,   2.2640,   2.4360,   2.6220,   2.8060,   2.9940,   3.1760,   3.3650,   3.5500,   3.7360,   3.9200,   4.1130,   4.3080,   4.5060,   4.7280,   0.0000,   0.0000,   0.0000,   0.0000,   0.0000,   0.0000,   0.0000,   0.0000,   0.0000
   0.2530,   0.4250,   0.6080,   0.7910,   0.9840,   1.1640,   1.3400,   1.5250,   1.7130,   1.8880,   2.0780,   2.2570,   2.4400,   2.6220,   2.8050,   2.9930,   3.1750,   3.3640,   3.5490,   3.7360,   3.9200,   4.1110,   4.3080,   4.5060,   4.7300,   0.0000,   0.0000,   0.0000,   0.0000,   0.0000,   0.0000,   0.0000,   0.0000,   0.0000
   0.2530,   0.4250,   0.6080,   0.7910,   0.9830,   1.1640,   1.3390,   1.5250,   1.7120,   1.8880,   2.0770,   2.2560,   2.4400,   2.6210,   2.8040,   2.9920,   3.1730,   3.3630,   3.5480,   3.7360,   3.9200,   4.1120,   4.3060,   4.5040,   4.7300,   0.0000,   0.0000,   0.0000,   0.0000,   0.0000,   0.0000,   0.0000,   0.0000,   0.0000
   0.2530,   0.4250,   0.6080,   0.7920,   0.9820,   1.1640,   1.3390,   1.5240,   1.7110,   1.8880,   2.0760,   2.2550,   2.4390,   2.6210,   2.8040,   2.9890,   3.1730,   3.3620,   3.5460,   3.7340,   3.9190,   4.1140,   4.3050,   4.5030,   4.7310,   0.0000,   0.0000,   0.0000,   0.0000,   0.0000,   0.0000,   0.0000,   0.0000,   0.0000
   0.2530,   0.4250,   0.6080,   0.7920,   0.9810,   1.1640,   1.3400,   1.5230,   1.7100,   1.8880,   2.0740,   2.2530,   2.4380,   2.6200,   2.8030,   2.9890,   3.1720,   3.3620,   3.5420,   3.7340,   3.9200,   4.1150,   4.3040,   4.5030,   4.7320,   0.0000,   0.0000,   0.0000,   0.0000,   0.0000,   0.0000,   0.0000,   0.0000,   0.0000
   0.2530,   0.4250,   0.6080,   0.7920,   0.9810,   1.1640,   1.3390,   1.5220,   1.7100,   1.8870,   2.0750,   2.2520,   2.4370,   2.6200,   2.8030,   2.9880,   3.1700,   3.3590,   3.5410,   3.7330,   3.9200,   4.1140,   4.3030,   4.5010,   4.7280,   0.0000,   0.0000,   0.0000,   0.0000,   0.0000,   0.0000,   0.0000,   0.0000,   0.0000
   0.2530,   0.4250,   0.6080,   0.7920,   0.9800,   1.1640,   1.3390,   1.5220,   1.7080,   1.8860,   2.0730,   2.2520,   2.4370,   2.6200,   2.8010,   2.9870,   3.1690,   3.3580,   3.5410,   3.7330,   3.9190,   4.1120,   4.3010,   4.4990,   4.7240,   0.0000,   0.0000,   0.0000,   0.0000,   0.0000,   0.0000,   0.0000,   0.0000,   0.0000
   0.2530,   0.4250,   0.6080,   0.7920,   0.9800,   1.1630,   1.3380,   1.5210,   1.7080,   1.8850,   2.0720,   2.2500,   2.4360,   2.6190,   2.7990,   2.9870,   3.1670,   3.3570,   3.5400,   3.7320,   3.9190,   4.1080,   4.2970,   4.4960,   4.7240,   0.0000,   0.0000,   0.0000,   0.0000,   0.0000,   0.0000,   0.0000,   0.0000,   0.0000
   0.2530,   0.4250,   0.6080,   0.7910,   0.9790,   1.1630,   1.3370,   1.5200,   1.7070,   1.8840,   2.0720,   2.2480,   2.4350,   2.6180,   2.7970,   2.9850,   3.1660,   3.3560,   3.5390,   3.7310,   3.9170,   4.1080,   4.2960,   4.4950,   4.7220,   0.0000,   0.0000,   0.0000,   0.0000,   0.0000,   0.0000,   0.0000,   0.0000,   0.0000
   0.2520,   0.4250,   0.6080,   0.7910,   0.9790,   1.1620,   1.3370,   1.5200,   1.7050,   1.8840,   2.0710,   2.2480,   2.4340,   2.6180,   2.7970,   2.9850,   3.1660,   3.3540,   3.5380,   3.7300,   3.9150,   4.1070,   4.2940,   4.4970,   4.7180,   0.0000,   0.0000,   0.0000,   0.0000,   0.0000,   0.0000,   0.0000,   0.0000,   0.0000
   0.2520,   0.4250,   0.6070,   0.7920,   0.9780,   1.1620,   1.3360,   1.5190,   1.7040,   1.8830,   2.0700,   2.2470,   2.4320,   2.6170,   2.7950,   2.9850,   3.1660,   3.3520,   3.5370,   3.7280,   3.9140,   4.1040,   4.2910,   4.4940,   4.7150,   0.0000,   0.0000,   0.0000,   0.0000,   0.0000,   0.0000,   0.0000,   0.0000,   0.0000
   0.2510,   0.4250,   0.6080,   0.7920,   0.9780,   1.1620,   1.3350,   1.5180,   1.7030,   1.8820,   2.0690,   2.2460,   2.4300,   2.6160,   2.7940,   2.9820,   3.1640,   3.3490,   3.5370,   3.7270,   3.9140,   4.1030,   4.2900,   4.4900,   4.7130,   0.0000,   0.0000,   0.0000,   0.0000,   0.0000,   0.0000,   0.0000,   0.0000,   0.0000
   0.2510,   0.4240,   0.6080,   0.7910,   0.9770,   1.1610,   1.3340,   1.5170,   1.7010,   1.8810,   2.0680,   2.2460,   2.4290,   2.6140,   2.7930,   2.9800,   3.1630,   3.3490,   3.5350,   3.7240,   3.9120,   4.1020,   4.2890,   4.4880,   4.7110,   0.0000,   0.0000,   0.0000,   0.0000,   0.0000,   0.0000,   0.0000,   0.0000,   0.0000
   0.2500,   0.4240,   0.6070,   0.7920,   0.9760,   1.1610,   1.3330,   1.5160,   1.7000,   1.8790,   2.0680,   2.2450,   2.4260,   2.6120,   2.7920,   2.9800,   3.1610,   3.3480,   3.5330,   3.7230,   3.9100,   4.1010,   4.2880,   4.4870,   4.7060,   0.0000,   0.0000,   0.0000,   0.0000,   0.0000,   0.0000,   0.0000,   0.0000,   0.0000
   0.2490,   0.4240,   0.6070,   0.7920,   0.9750,   1.1600,   1.3330,   1.5140,   1.6990,   1.8780,   2.0670,   2.2440,   2.4260,   2.6110,   2.7910,   2.9780,   3.1600,   3.3460,   3.5320,   3.7200,   3.9090,   4.1020,   4.2900,   4.4840,   4.7040,   0.0000,   0.0000,   0.0000,   0.0000,   0.0000,   0.0000,   0.0000,   0.0000,   0.0000
   0.2480,   0.4230,   0.6070,   0.7920,   0.9740,   1.1600,   1.3320,   1.5130,   1.6990,   1.8780,   2.0660,   2.2440,   2.4260,   2.6090,   2.7890,   2.9760,   3.1590,   3.3440,   3.5300,   3.7180,   3.9070,   4.0990,   4.2870,   4.4790,   4.6980,   0.0000,   0.0000,   0.0000,   0.0000,   0.0000,   0.0000,   0.0000,   0.0000,   0.0000
   0.2470,   0.4230,   0.6060,   0.7920,   0.9730,   1.1600,   1.3310,   1.5120,   1.6980,   1.8760,   2.0650,   2.2430,   2.4260,   2.6080,   2.7870,   2.9740,   3.1580,   3.3430,   3.5290,   3.7160,   3.9070,   4.0980,   4.2850,   4.4750,   4.6900,   0.0000,   0.0000,   0.0000,   0.0000,   0.0000,   0.0000,   0.0000,   0.0000,   0.0000
   0.2470,   0.4230,   0.6060,   0.7910,   0.9730,   1.1600,   1.3300,   1.5110,   1.6970,   1.8750,   2.0630,   2.2430,   2.4260,   2.6050,   2.7850,   2.9720,   3.1560,   3.3420,   3.5260,   3.7130,   3.9030,   4.0960,   4.2840,   4.4730,   4.6820,   0.0000,   0.0000,   0.0000,   0.0000,   0.0000,   0.0000,   0.0000,   0.0000,   0.0000
   0.2460,   0.4220,   0.6060,   0.7910,   0.9720,   1.1590,   1.3290,   1.5110,   1.6950,   1.8730,   2.0610,   2.2420,   2.4250,   2.6030,   2.7840,   2.9700,   3.1550,   3.3410,   3.5250,   3.7100,   3.9000,   4.0940,   4.2800,   4.4690,   4.6770,   0.0000,   0.0000,   0.0000,   0.0000,   0.0000,   0.0000,   0.0000,   0.0000,   0.0000
   0.2450,   0.4220,   0.6060,   0.7900,   0.9710,   1.1580,   1.3270,   1.5100,   1.6940,   1.8720,   2.0600,   2.2400,   2.4240,   2.6010,   2.7810,   2.9700,   3.1540,   3.3400,   3.5240,   3.7100,   3.8990,   4.0900,   4.2740,   4.4640,   4.6740,   0.0000,   0.0000,   0.0000,   0.0000,   0.0000,   0.0000,   0.0000,   0.0000,   0.0000
   0.2440,   0.4220,   0.6050,   0.7900,   0.9710,   1.1580,   1.3260,   1.5090,   1.6920,   1.8710,   2.0580,   2.2370,   2.4230,   2.5990,   2.7800,   2.9660,   3.1530,   3.3390,   3.5210,   3.7080,   3.8960,   4.0870,   4.2700,   4.4600,   4.6710,   0.0000,   0.0000,   0.0000,   0.0000,   0.0000,   0.0000,   0.0000,   0.0000,   0.0000
   0.2440,   0.4210,   0.6050,   0.7900,   0.9700,   1.1570,   1.3240,   1.5090,   1.6900,   1.8690,   2.0550,   2.2350,   2.4210,   2.5960,   2.7790,   2.9640,   3.1510,   3.3370,   3.5200,   3.7060,   3.8920,   4.0820,   4.2650,   4.4530,   4.6630,   0.0000,   0.0000,   0.0000,   0.0000,   0.0000,   0.0000,   0.0000,   0.0000,   0.0000
   0.2440,   0.4210,   0.6040,   0.7890,   0.9690,   1.1560,   1.3220,   1.5070,   1.6880,   1.8670,   2.0540,   2.2330,   2.4180,   2.5940,   2.7770,   2.9620,   3.1490,   3.3350,   3.5190,   3.7040,   3.8880,   4.0790,   4.2610,   4.4450,   4.6570,   0.0000,   0.0000,   0.0000,   0.0000,   0.0000,   0.0000,   0.0000,   0.0000,   0.0000
   0.2440,   0.4210,   0.6040,   0.7890,   0.9680,   1.1550,   1.3200,   1.5060,   1.6870,   1.8660,   2.0520,   2.2300,   2.4160,   2.5910,   2.7760,   2.9600,   3.1450,   3.3320,   3.5150,   3.7020,   3.8840,   4.0750,   4.2560,   4.4350,   4.6470,   0.0000,   0.0000,   0.0000,   0.0000,   0.0000,   0.0000,   0.0000,   0.0000,   0.0000
   0.2430,   0.4210,   0.6030,   0.7880,   0.9670,   1.1530,   1.3190,   1.5040,   1.6850,   1.8640,   2.0510,   2.2280,   2.4130,   2.5900,   2.7770,   2.9570,   3.1430,   3.3300,   3.5120,   3.7000,   3.8800,   4.0690,   4.2480,   4.4240,   4.6370,   0.0000,   0.0000,   0.0000,   0.0000,   0.0000,   0.0000,   0.0000,   0.0000,   0.0000
   0.2430,   0.4210,   0.6030,   0.7870,   0.9660,   1.1520,   1.3170,   1.5020,   1.6840,   1.8620,   2.0480,   2.2250,   2.4110,   2.5880,   2.7750,   2.9560,   3.1410,   3.3260,   3.5080,   3.6970,   3.8750,   4.0620,   4.2390,   4.4170,   4.6230,   0.0000,   0.0000,   0.0000,   0.0000,   0.0000,   0.0000,   0.0000,   0.0000,   0.0000
   0.2430,   0.4210,   0.6020,   0.7870,   0.9650,   1.1510,   1.3170,   1.5010,   1.6820,   1.8610,   2.0460,   2.2240,   2.4090,   2.5860,   2.7750,   2.9540,   3.1380,   3.3230,   3.5050,   3.6960,   3.8670,   4.0580,   4.2320,   4.4060,   4.6030,   0.0000,   0.0000,   0.0000,   0.0000,   0.0000,   0.0000,   0.0000,   0.0000,   0.0000
   0.2430,   0.4200,   0.6020,   0.7860,   0.9630,   1.1500,   1.3150,   1.5000,   1.6820,   1.8590,   2.0440,   2.2240,   2.4070,   2.5850,   2.7730,   2.9530,   3.1350,   3.3190,   3.5030,   3.6940,   3.8630,   4.0510,   4.2240,   4.3920,   4.5830,   0.0000,   0.0000,   0.0000,   0.0000,   0.0000,   0.0000,   0.0000,   0.0000,   0.0000
   0.2430,   0.4200,   0.6010,   0.7860,   0.9620,   1.1490,   1.3160,   1.4990,   1.6810,   1.8580,   2.0420,   2.2220,   2.4060,   2.5840,   2.7700,   2.9520,   3.1330,   3.3150,   3.4990,   3.6910,   3.8590,   4.0440,   4.2140,   4.3800,   4.5660,   0.0000,   0.0000,   0.0000,   0.0000,   0.0000,   0.0000,   0.0000,   0.0000,   0.0000
   0.2430,   0.4200,   0.6010,   0.7850,   0.9610,   1.1480,   1.3150,   1.4980,   1.6800,   1.8560,   2.0410,   2.2200,   2.4050,   2.5820,   2.7700,   2.9500,   3.1310,   3.3130,   3.4960,   3.6860,   3.8530,   4.0350,   4.2060,   4.3700,   4.5460,   0.0000,   0.0000,   0.0000,   0.0000,   0.0000,   0.0000,   0.0000,   0.0000,   0.0000
   0.2430,   0.4190,   0.6000,   0.7840,   0.9610,   1.1470,   1.3140,   1.4990,   1.6780,   1.8550,   2.0390,   2.2190,   2.4030,   2.5810,   2.7680,   2.9490,   3.1310,   3.3110,   3.4940,   3.6810,   3.8470,   4.0250,   4.1970,   4.3600,   4.5300,   0.0000,   0.0000,   0.0000,   0.0000,   0.0000,   0.0000,   0.0000,   0.0000,   0.0000
   0.2430,   0.4180,   0.6000,   0.7840,   0.9610,   1.1450,   1.3130,   1.4990,   1.6770,   1.8540,   2.0370,   2.2180,   2.4030,   2.5800,   2.7660,   2.9450,   3.1280,   3.3050,   3.4900,   3.6750,   3.8400,   4.0210,   4.1870,   4.3480,   4.5110,   0.0000,   0.0000,   0.0000,   0.0000,   0.0000,   0.0000,   0.0000,   0.0000,   0.0000
   0.2420,   0.4170,   0.5990,   0.7830,   0.9600,   1.1450,   1.3130,   1.4990,   1.6760,   1.8530,   2.0360,   2.2170,   2.4010,   2.5780,   2.7640,   2.9430,   3.1270,   3.3010,   3.4870,   3.6710,   3.8370,   4.0110,   4.1790,   4.3330,   4.4920,   0.0000,   0.0000,   0.0000,   0.0000,   0.0000,   0.0000,   0.0000,   0.0000,   0.0000
   0.2420,   0.4170,   0.5990,   0.7820,   0.9590,   1.1440,   1.3120,   1.4980,   1.6740,   1.8510,   2.0340,   2.2140,   2.4000,   2.5750,   2.7600,   2.9420,   3.1250,   3.2980,   3.4840,   3.6630,   3.8370,   4.0010,   4.1700,   4.3190,   4.4760,   0.0000,   0.0000,   0.0000,   0.0000,   0.0000,   0.0000,   0.0000,   0.0000,   0.0000
   0.2420,   0.4160,   0.5980,   0.7810,   0.9590,   1.1430,   1.3110,   1.4970,   1.6720,   1.8490,   2.0320,   2.2110,   2.3980,   2.5740,   2.7580,   2.9380,   3.1220,   3.2960,   3.4770,   3.6540,   3.8320,   3.9960,   4.1560,   4.3060,   4.4620,   0.0000,   0.0000,   0.0000,   0.0000,   0.0000,   0.0000,   0.0000,   0.0000,   0.0000
   0.2420,   0.4160,   0.5980,   0.7810,   0.9580,   1.1420,   1.3100,   1.4960,   1.6710,   1.8470,   2.0310,   2.2080,   2.3950,   2.5710,   2.7560,   2.9350,   3.1190,   3.2920,   3.4720,   3.6470,   3.8260,   3.9900,   4.1460,   4.2940,   4.4480,   0.0000,   0.0000,   0.0000,   0.0000,   0.0000,   0.0000,   0.0000,   0.0000,   0.0000
   0.2420,   0.4150,   0.5970,   0.7800,   0.9580,   1.1410,   1.3090,   1.4960,   1.6690,   1.8460,   2.0280,   2.2060,   2.3930,   2.5680,   2.7530,   2.9320,   3.1160,   3.2870,   3.4660,   3.6400,   3.8230,   3.9850,   4.1330,   4.2800,   4.4360,   0.0000,   0.0000,   0.0000,   0.0000,   0.0000,   0.0000,   0.0000,   0.0000,   0.0000
   0.2420,   0.4150,   0.5970,   0.7790,   0.9580,   1.1410,   1.3080,   1.4940,   1.6670,   1.8440,   2.0270,   2.2040,   2.3900,   2.5650,   2.7490,   2.9290,   3.1120,   3.2850,   3.4610,   3.6350,   3.8160,   3.9790,   4.1230,   4.2660,   4.4240,   0.0000,   0.0000,   0.0000,   0.0000,   0.0000,   0.0000,   0.0000,   0.0000,   0.0000
   0.2420,   0.4140,   0.5960,   0.7790,   0.9570,   1.1400,   1.3070,   1.4930,   1.6660,   1.8430,   2.0250,   2.2010,   2.3880,   2.5630,   2.7450,   2.9270,   3.1100,   3.2800,   3.4560,   3.6270,   3.8100,   3.9700,   4.1120,   4.2530,   4.4150,   0.0000,   0.0000,   0.0000,   0.0000,   0.0000,   0.0000,   0.0000,   0.0000,   0.0000
   0.2420,   0.4140,   0.5960,   0.7780,   0.9570,   1.1400,   1.3060,   1.4920,   1.6650,   1.8410,   2.0230,   2.1990,   2.3850,   2.5600,   2.7440,   2.9250,   3.1070,   3.2770,   3.4520,   3.6220,   3.7990,   3.9670,   4.1010,   4.2440,   4.4050,   0.0000,   0.0000,   0.0000,   0.0000,   0.0000,   0.0000,   0.0000,   0.0000,   0.0000
   0.2420,   0.4140,   0.5960,   0.7770,   0.9570,   1.1390,   1.3050,   1.4900,   1.6630,   1.8390,   2.0200,   2.1980,   2.3830,   2.5590,   2.7420,   2.9210,   3.1040,   3.2730,   3.4500,   3.6160,   3.7910,   3.9630,   4.0930,   4.2310,   4.3950,   0.0000,   0.0000,   0.0000,   0.0000,   0.0000,   0.0000,   0.0000,   0.0000,   0.0000
   0.2420,   0.4130,   0.5960,   0.7770,   0.9540,   1.1370,   1.3040,   1.4890,   1.6620,   1.8370,   2.0190,   2.1970,   2.3810,   2.5570,   2.7410,   2.9190,   3.1020,   3.2680,   3.4460,   3.6120,   3.7840,   3.9540,   4.0870,   4.2200,   4.3830,   0.0000,   0.0000,   0.0000,   0.0000,   0.0000,   0.0000,   0.0000,   0.0000,   0.0000
   0.2420,   0.4130,   0.5960,   0.7760,   0.9540,   1.1370,   1.3030,   1.4880,   1.6610,   1.8360,   2.0170,   2.1960,   2.3790,   2.5560,   2.7370,   2.9170,   3.0980,   3.2640,   3.4420,   3.6070,   3.7760,   3.9460,   4.0780,   4.2080,   4.3700,   0.0000,   0.0000,   0.0000,   0.0000,   0.0000,   0.0000,   0.0000,   0.0000,   0.0000
   0.2420,   0.4130,   0.5960,   0.7750,   0.9520,   1.1360,   1.3020,   1.4860,   1.6610,   1.8340,   2.0160,   2.1940,   2.3770,   2.5550,   2.7350,   2.9150,   3.0950,   3.2620,   3.4390,   3.6010,   3.7680,   3.9370,   4.0660,   4.1970,   4.3570,   0.0000,   0.0000,   0.0000,   0.0000,   0.0000,   0.0000,   0.0000,   0.0000,   0.0000
   0.2410,   0.4120,   0.5960,   0.7750,   0.9500,   1.1350,   1.3020,   1.4850,   1.6600,   1.8320,   2.0130,   2.1930,   2.3760,   2.5530,   2.7330,   2.9110,   3.0920,   3.2580,   3.4330,   3.5980,   3.7620,   3.9280,   4.0570,   4.1870,   4.3440,   0.0000,   0.0000,   0.0000,   0.0000,   0.0000,   0.0000,   0.0000,   0.0000,   0.0000
   0.2410,   0.4120,   0.5960,   0.7740,   0.9490,   1.1340,   1.3000,   1.4840,   1.6580,   1.8300,   2.0110,   2.1920,   2.3730,   2.5520,   2.7310,   2.9090,   3.0880,   3.2550,   3.4300,   3.5960,   3.7590,   3.9170,   4.0510,   4.1750,   4.3330,   0.0000,   0.0000,   0.0000,   0.0000,   0.0000,   0.0000,   0.0000,   0.0000,   0.0000
   0.2410,   0.4120,   0.5960,   0.7730,   0.9470,   1.1340,   1.2990,   1.4820,   1.6560,   1.8300,   2.0100,   2.1900,   2.3720,   2.5500,   2.7280,   2.9080,   3.0850,   3.2510,   3.4250,   3.5930,   3.7570,   3.9060,   4.0430,   4.1620,   4.3200,   0.0000,   0.0000,   0.0000,   0.0000,   0.0000,   0.0000,   0.0000,   0.0000,   0.0000
   0.2400,   0.4110,   0.5960,   0.7730,   0.9460,   1.1330,   1.2980,   1.4800,   1.6550,   1.8300,   2.0080,   2.1890,   2.3700,   2.5470,   2.7260,   2.9050,   3.0830,   3.2470,   3.4200,   3.5890,   3.7500,   3.8970,   4.0340,   4.1600,   4.3120,   0.0000,   0.0000,   0.0000,   0.0000,   0.0000,   0.0000,   0.0000,   0.0000,   0.0000
   0.2400,   0.4110,   0.5960,   0.7730,   0.9460,   1.1320,   1.2980,   1.4790,   1.6540,   1.8300,   2.0060,   2.1880,   2.3680,   2.5440,   2.7220,   2.9030,   3.0820,   3.2410,   3.4170,   3.5860,   3.7430,   3.8890,   4.0260,   4.1500,   4.3080,   0.0000,   0.0000,   0.0000,   0.0000,   0.0000,   0.0000,   0.0000,   0.0000,   0.0000
   0.2400,   0.4110,   0.5960,   0.7720,   0.9440,   1.1310,   1.2960,   1.4770,   1.6520,   1.8290,   2.0040,   2.1860,   2.3660,   2.5400,   2.7210,   2.9010,   3.0790,   3.2380,   3.4160,   3.5810,   3.7370,   3.8820,   4.0180,   4.1420,   4.3040,   0.0000,   0.0000,   0.0000,   0.0000,   0.0000,   0.0000,   0.0000,   0.0000,   0.0000
   0.2400,   0.4110,   0.5960,   0.7720,   0.9460,   1.1300,   1.2960,   1.4750,   1.6500,   1.8290,   2.0030,   2.1850,   2.3630,   2.5380,   2.7190,   2.8980,   3.0770,   3.2340,   3.4120,   3.5780,   3.7320,   3.8750,   4.0130,   4.1330,   4.3020,   0.0000,   0.0000,   0.0000,   0.0000,   0.0000,   0.0000,   0.0000,   0.0000,   0.0000
   0.2400,   0.4110,   0.5970,   0.7710,   0.9450,   1.1300,   1.2950,   1.4750,   1.6490,   1.8290,   2.0010,   2.1840,   2.3610,   2.5370,   2.7180,   2.8970,   3.0760,   3.2310,   3.4130,   3.5720,   3.7260,   3.8710,   4.0050,   4.1240,   4.3020,   0.0000,   0.0000,   0.0000,   0.0000,   0.0000,   0.0000,   0.0000,   0.0000,   0.0000
   0.2390,   0.4110,   0.5970,   0.7700,   0.9440,   1.1280,   1.2950,   1.4740,   1.6490,   1.8270,   2.0000,   2.1830,   2.3590,   2.5340,   2.7160,   2.8950,   3.0750,   3.2290,   3.4110,   3.5690,   3.7170,   3.8670,   4.0000,   4.1200,   4.3010,   0.0000,   0.0000,   0.0000,   0.0000,   0.0000,   0.0000,   0.0000,   0.0000,   0.0000
   0.2390,   0.4110,   0.5960,   0.7690,   0.9440,   1.1270,   1.2950,   1.4740,   1.6480,   1.8270,   1.9990,   2.1820,   2.3570,   2.5330,   2.7150,   2.8930,   3.0720,   3.2280,   3.4070,   3.5660,   3.7120,   3.8610,   3.9960,   4.1170,   4.3040,   0.0000,   0.0000,   0.0000,   0.0000,   0.0000,   0.0000,   0.0000,   0.0000,   0.0000
   0.2390,   0.4110,   0.5960,   0.7690,   0.9440,   1.1270,   1.2960,   1.4730,   1.6480,   1.8270,   1.9990,   2.1830,   2.3560,   2.5330,   2.7130,   2.8920,   3.0690,   3.2260,   3.4040,   3.5660,   3.7080,   3.8550,   3.9920,   4.1080,   4.3040,   0.0000,   0.0000,   0.0000,   0.0000,   0.0000,   0.0000,   0.0000,   0.0000,   0.0000
   0.2390,   0.4110,   0.5960,   0.7680,   0.9430,   1.1280,   1.2960,   1.4710,   1.6470,   1.8260,   1.9980,   2.1820,   2.3540,   2.5330,   2.7130,   2.8900,   3.0660,   3.2280,   3.4020,   3.5620,   3.7070,   3.8530,   3.9890,   4.1060,   4.3040,   0.0000,   0.0000,   0.0000,   0.0000,   0.0000,   0.0000,   0.0000,   0.0000,   0.0000
   0.2390,   0.4110,   0.5960,   0.7680,   0.9430,   1.1290,   1.2950,   1.4710,   1.6460,   1.8260,   1.9980,   2.1810,   2.3540,   2.5320,   2.7120,   2.8890,   3.0650,   3.2260,   3.4000,   3.5620,   3.7060,   3.8490,   3.9870,   4.1050,   4.3040,   0.0000,   0.0000,   0.0000,   0.0000,   0.0000,   0.0000,   0.0000,   0.0000,   0.0000
   0.2390,   0.4110,   0.5950,   0.7670,   0.9410,   1.1300,   1.2950,   1.4700,   1.6460,   1.8250,   1.9970,   2.1810,   2.3530,   2.5310,   2.7110,   2.8890,   3.0630,   3.2250,   3.4030,   3.5610,   3.7040,   3.8490,   3.9870,   4.1070,   4.3030,   0.0000,   0.0000,   0.0000,   0.0000,   0.0000,   0.0000,   0.0000,   0.0000,   0.0000
   0.2390,   0.4100,   0.5950,   0.7660,   0.9410,   1.1300,   1.2950,   1.4690,   1.6450,   1.8260,   1.9970,   2.1800,   2.3520,   2.5290,   2.7110,   2.8900,   3.0620,   3.2220,   3.4020,   3.5610,   3.7050,   3.8460,   3.9860,   4.1070,   4.3040,   0.0000,   0.0000,   0.0000,   0.0000,   0.0000,   0.0000,   0.0000,   0.0000,   0.0000
   0.2390,   0.4100,   0.5950,   0.7660,   0.9410,   1.1310,   1.2950,   1.4670,   1.6430,   1.8260,   1.9970,   2.1800,   2.3520,   2.5290,   2.7090,   2.8900,   3.0590,   3.2210,   3.4010,   3.5610,   3.7090,   3.8460,   3.9850,   4.1070,   4.3060,   0.0000,   0.0000,   0.0000,   0.0000,   0.0000,   0.0000,   0.0000,   0.0000,   0.0000
   0.2390,   0.4100,   0.5940,   0.7650,   0.9410,   1.1300,   1.2960,   1.4670,   1.6430,   1.8260,   1.9950,   2.1790,   2.3510,   2.5290,   2.7080,   2.8880,   3.0600,   3.2180,   3.4010,   3.5580,   3.7100,   3.8460,   3.9840,   4.1070,   4.3080,   0.0000,   0.0000,   0.0000,   0.0000,   0.0000,   0.0000,   0.0000,   0.0000,   0.0000
   0.2390,   0.4100,   0.5940,   0.7650,   0.9420,   1.1310,   1.2950,   1.4660,   1.6420,   1.8250,   1.9940,   2.1780,   2.3510,   2.5280,   2.7080,   2.8870,   3.0590,   3.2160,   3.4010,   3.5550,   3.7120,   3.8490,   3.9830,   4.1080,   4.3110,   0.0000,   0.0000,   0.0000,   0.0000,   0.0000,   0.0000,   0.0000,   0.0000,   0.0000
   0.2390,   0.4090,   0.5940,   0.7640,   0.9420,   1.1320,   1.2960,   1.4660,   1.6420,   1.8240,   1.9950,   2.1780,   2.3500,   2.5270,   2.7070,   2.8860,   3.0590,   3.2130,   3.4010,   3.5550,   3.7130,   3.8470,   3.9820,   4.1090,   4.3140,   0.0000,   0.0000,   0.0000,   0.0000,   0.0000,   0.0000,   0.0000,   0.0000,   0.0000
   0.2400,   0.4090,   0.5930,   0.7640,   0.9430,   1.1310,   1.2950,   1.4660,   1.6410,   1.8240,   1.9950,   2.1770,   2.3490,   2.5260,   2.7060,   2.8860,   3.0590,   3.2130,   3.4000,   3.5540,   3.7130,   3.8500,   3.9830,   4.1100,   4.3170,   0.0000,   0.0000,   0.0000,   0.0000,   0.0000,   0.0000,   0.0000,   0.0000,   0.0000
   0.2400,   0.4090,   0.5930,   0.7630,   0.9430,   1.1300,   1.2950,   1.4660,   1.6410,   1.8230,   1.9950,   2.1760,   2.3490,   2.5270,   2.7060,   2.8850,   3.0600,   3.2120,   3.3930,   3.5530,   3.7120,   3.8510,   3.9860,   4.1110,   4.3200,   0.0000,   0.0000,   0.0000,   0.0000,   0.0000,   0.0000,   0.0000,   0.0000,   0.0000
   0.2400,   0.4090,   0.5930,   0.7630,   0.9430,   1.1300,   1.2960,   1.4660,   1.6420,   1.8220,   1.9960,   2.1750,   2.3500,   2.5270,   2.7040,   2.8840,   3.0610,   3.2120,   3.3920,   3.5530,   3.7130,   3.8480,   3.9870,   4.1140,   4.3220,   0.0000,   0.0000,   0.0000,   0.0000,   0.0000,   0.0000,   0.0000,   0.0000,   0.0000
   0.2400,   0.4100,   0.5930,   0.7640,   0.9430,   1.1310,   1.2970,   1.4660,   1.6420,   1.8220,   1.9940,   2.1740,   2.3490,   2.5270,   2.7050,   2.8810,   3.0570,   3.2120,   3.3930,   3.5530,   3.7130,   3.8430,   3.9880,   4.1180,   4.3240,   0.0000,   0.0000,   0.0000,   0.0000,   0.0000,   0.0000,   0.0000,   0.0000,   0.0000
   0.2400,   0.4100,   0.5930,   0.7640,   0.9430,   1.1310,   1.2970,   1.4660,   1.6430,   1.8210,   1.9950,   2.1740,   2.3490,   2.5250,   2.7050,   2.8820,   3.0570,   3.2090,   3.3910,   3.5520,   3.7130,   3.8440,   3.9920,   4.1230,   4.3250,   0.0000,   0.0000,   0.0000,   0.0000,   0.0000,   0.0000,   0.0000,   0.0000,   0.0000
   0.2400,   0.4100,   0.5930,   0.7650,   0.9430,   1.1300,   1.2970,   1.4660,   1.6430,   1.8210,   1.9960,   2.1740,   2.3480,   2.5260,   2.7060,   2.8800,   3.0560,   3.2100,   3.3920,   3.5490,   3.7130,   3.8440,   3.9970,   4.1280,   4.3240,   0.0000,   0.0000,   0.0000,   0.0000,   0.0000,   0.0000,   0.0000,   0.0000,   0.0000
   0.2400,   0.4100,   0.5920,   0.7660,   0.9440,   1.1290,   1.2980,   1.4670,   1.6430,   1.8210,   1.9950,   2.1740,   2.3480,   2.5260,   2.7030,   2.8810,   3.0550,   3.2130,   3.3920,   3.5480,   3.7140,   3.8480,   4.0010,   4.1320,   4.3240,   0.0000,   0.0000,   0.0000,   0.0000,   0.0000,   0.0000,   0.0000,   0.0000,   0.0000
   0.2400,   0.4110,   0.5920,   0.7660,   0.9450,   1.1310,   1.3000,   1.4670,   1.6430,   1.8210,   1.9950,   2.1730,   2.3490,   2.5280,   2.7030,   2.8810,   3.0540,   3.2150,   3.3930,   3.5480,   3.7160,   3.8500,   4.0050,   4.1370,   4.3240,   0.0000,   0.0000,   0.0000,   0.0000,   0.0000,   0.0000,   0.0000,   0.0000,   0.0000
   0.2400,   0.4110,   0.5920,   0.7670,   0.9460,   1.1310,   1.3010,   1.4680,   1.6440,   1.8210,   1.9960,   2.1740,   2.3480,   2.5290,   2.7030,   2.8800,   3.0540,   3.2210,   3.3960,   3.5460,   3.7200,   3.8520,   4.0090,   4.1430,   4.3230,   0.0000,   0.0000,   0.0000,   0.0000,   0.0000,   0.0000,   0.0000,   0.0000,   0.0000
   0.2400,   0.4120,   0.5920,   0.7680,   0.9470,   1.1320,   1.3010,   1.4680,   1.6440,   1.8210,   1.9960,   2.1740,   2.3480,   2.5310,   2.7050,   2.8780,   3.0520,   3.2220,   3.3960,   3.5460,   3.7210,   3.8610,   4.0140,   4.1490,   4.3190,   0.0000,   0.0000,   0.0000,   0.0000,   0.0000,   0.0000,   0.0000,   0.0000,   0.0000
   0.2410,   0.4120,   0.5920,   0.7690,   0.9500,   1.1310,   1.3010,   1.4680,   1.6440,   1.8220,   1.9970,   2.1740,   2.3480,   2.5330,   2.7050,   2.8790,   3.0590,   3.2270,   3.3950,   3.5480,   3.7230,   3.8710,   4.0210,   4.1540,   4.3200,   0.0000,   0.0000,   0.0000,   0.0000,   0.0000,   0.0000,   0.0000,   0.0000,   0.0000
   0.2410,   0.4130,   0.5920,   0.7700,   0.9530,   1.1320,   1.3010,   1.4690,   1.6440,   1.8230,   1.9980,   2.1740,   2.3490,   2.5360,   2.7050,   2.8750,   3.0590,   3.2340,   3.3970,   3.5490,   3.7250,   3.8770,   4.0260,   4.1580,   4.3170,   0.0000,   0.0000,   0.0000,   0.0000,   0.0000,   0.0000,   0.0000,   0.0000,   0.0000
   0.2410,   0.4130,   0.5920,   0.7710,   0.9540,   1.1320,   1.3000,   1.4700,   1.6450,   1.8240,   1.9990,   2.1740,   2.3500,   2.5360,   2.7060,   2.8750,   3.0600,   3.2350,   3.3990,   3.5530,   3.7280,   3.8830,   4.0300,   4.1610,   4.3170,   0.0000,   0.0000,   0.0000,   0.0000,   0.0000,   0.0000,   0.0000,   0.0000,   0.0000
   0.2410,   0.4140,   0.5930,   0.7710,   0.9560,   1.1330,   1.3000,   1.4710,   1.6450,   1.8240,   1.9990,   2.1740,   2.3500,   2.5360,   2.7090,   2.8750,   3.0610,   3.2380,   3.4010,   3.5540,   3.7300,   3.8870,   4.0360,   4.1670,   4.3200,   0.0000,   0.0000,   0.0000,   0.0000,   0.0000,   0.0000,   0.0000,   0.0000,   0.0000
   0.2410,   0.4140,   0.5930,   0.7730,   0.9580,   1.1320,   1.2990,   1.4730,   1.6450,   1.8250,   2.0000,   2.1740,   2.3500,   2.5370,   2.7090,   2.8750,   3.0620,   3.2400,   3.4040,   3.5560,   3.7320,   3.8900,   4.0420,   4.1730,   4.3240,   0.0000,   0.0000,   0.0000,   0.0000,   0.0000,   0.0000,   0.0000,   0.0000,   0.0000
   0.2420,   0.4150,   0.5940,   0.7740,   0.9600,   1.1320,   1.2990,   1.4730,   1.6460,   1.8260,   2.0000,   2.1750,   2.3510,   2.5370,   2.7090,   2.8760,   3.0620,   3.2370,   3.4070,   3.5620,   3.7320,   3.8930,   4.0470,   4.1790,   4.3320,   0.0000,   0.0000,   0.0000,   0.0000,   0.0000,   0.0000,   0.0000,   0.0000,   0.0000
   0.2420,   0.4150,   0.5940,   0.7750,   0.9620,   1.1320,   1.3000,   1.4750,   1.6460,   1.8270,   2.0010,   2.1760,   2.3510,   2.5370,   2.7100,   2.8780,   3.0620,   3.2400,   3.4080,   3.5650,   3.7350,   3.8970,   4.0530,   4.1840,   4.3420,   0.0000,   0.0000,   0.0000,   0.0000,   0.0000,   0.0000,   0.0000,   0.0000,   0.0000
   0.2420,   0.4160,   0.5940,   0.7760,   0.9630,   1.1330,   1.3010,   1.4770,   1.6470,   1.8280,   2.0010,   2.1780,   2.3520,   2.5370,   2.7110,   2.8810,   3.0600,   3.2380,   3.4140,   3.5670,   3.7370,   3.9010,   4.0560,   4.1930,   4.3510,   0.0000,   0.0000,   0.0000,   0.0000,   0.0000,   0.0000,   0.0000,   0.0000,   0.0000
   0.2420,   0.4170,   0.5950,   0.7760,   0.9630,   1.1320,   1.3010,   1.4790,   1.6480,   1.8280,   2.0020,   2.1800,   2.3530,   2.5370,   2.7110,   2.8870,   3.0610,   3.2390,   3.4170,   3.5700,   3.7410,   3.9060,   4.0590,   4.2000,   4.3610,   0.0000,   0.0000,   0.0000,   0.0000,   0.0000,   0.0000,   0.0000,   0.0000,   0.0000
   0.2420,   0.4180,   0.5950,   0.7770,   0.9640,   1.1330,   1.3020,   1.4800,   1.6490,   1.8290,   2.0020,   2.1820,   2.3540,   2.5370,   2.7130,   2.8900,   3.0610,   3.2430,   3.4210,   3.5800,   3.7470,   3.9090,   4.0640,   4.2080,   4.3680,   0.0000,   0.0000,   0.0000,   0.0000,   0.0000,   0.0000,   0.0000,   0.0000,   0.0000
   0.2430,   0.4190,   0.5960,   0.7780,   0.9640,   1.1330,   1.3030,   1.4810,   1.6500,   1.8290,   2.0040,   2.1840,   2.3540,   2.5390,   2.7140,   2.8930,   3.0630,   3.2420,   3.4230,   3.5870,   3.7520,   3.9120,   4.0700,   4.2170,   4.3730,   0.0000,   0.0000,   0.0000,   0.0000,   0.0000,   0.0000,   0.0000,   0.0000,   0.0000
   0.2430,   0.4190,   0.5960,   0.7790,   0.9650,   1.1340,   1.3040,   1.4820,   1.6520,   1.8290,   2.0050,   2.1850,   2.3560,   2.5400,   2.7150,   2.8940,   3.0660,   3.2430,   3.4260,   3.5920,   3.7550,   3.9180,   4.0760,   4.2240,   4.3800,   0.0000,   0.0000,   0.0000,   0.0000,   0.0000,   0.0000,   0.0000,   0.0000,   0.0000
   0.2430,   0.4200,   0.5970,   0.7800,   0.9650,   1.1360,   1.3050,   1.4830,   1.6540,   1.8300,   2.0060,   2.1860,   2.3580,   2.5400,   2.7170,   2.8960,   3.0690,   3.2460,   3.4300,   3.5960,   3.7630,   3.9240,   4.0820,   4.2320,   4.3840,   0.0000,   0.0000,   0.0000,   0.0000,   0.0000,   0.0000,   0.0000,   0.0000,   0.0000
   0.2430,   0.4210,   0.5980,   0.7800,   0.9650,   1.1370,   1.3060,   1.4840,   1.6560,   1.8310,   2.0070,   2.1880,   2.3610,   2.5410,   2.7180,   2.8990,   3.0720,   3.2490,   3.4340,   3.6000,   3.7680,   3.9290,   4.0880,   4.2390,   4.3900,   0.0000,   0.0000,   0.0000,   0.0000,   0.0000,   0.0000,   0.0000,   0.0000,   0.0000
   0.2430,   0.4210,   0.5990,   0.7810,   0.9660,   1.1380,   1.3070,   1.4860,   1.6580,   1.8310,   2.0090,   2.1880,   2.3630,   2.5430,   2.7190,   2.9010,   3.0740,   3.2520,   3.4360,   3.6060,   3.7730,   3.9340,   4.0970,   4.2460,   4.3960,   0.0000,   0.0000,   0.0000,   0.0000,   0.0000,   0.0000,   0.0000,   0.0000,   0.0000
   0.2440,   0.4220,   0.5990,   0.7820,   0.9660,   1.1410,   1.3080,   1.4860,   1.6580,   1.8340,   2.0100,   2.1890,   2.3660,   2.5450,   2.7210,   2.9010,   3.0770,   3.2560,   3.4400,   3.6130,   3.7780,   3.9430,   4.1050,   4.2540,   4.4070,   0.0000,   0.0000,   0.0000,   0.0000,   0.0000,   0.0000,   0.0000,   0.0000,   0.0000
   0.2440,   0.4220,   0.6000,   0.7820,   0.9670,   1.1420,   1.3090,   1.4870,   1.6610,   1.8350,   2.0110,   2.1900,   2.3690,   2.5460,   2.7230,   2.9020,   3.0800,   3.2600,   3.4420,   3.6110,   3.7810,   3.9520,   4.1130,   4.2630,   4.4200,   0.0000,   0.0000,   0.0000,   0.0000,   0.0000,   0.0000,   0.0000,   0.0000,   0.0000
   0.2440,   0.4230,   0.6010,   0.7830,   0.9680,   1.1450,   1.3100,   1.4880,   1.6630,   1.8380,   2.0120,   2.1910,   2.3720,   2.5480,   2.7260,   2.9040,   3.0810,   3.2620,   3.4460,   3.6160,   3.7870,   3.9600,   4.1200,   4.2710,   4.4350,   0.0000,   0.0000,   0.0000,   0.0000,   0.0000,   0.0000,   0.0000,   0.0000,   0.0000
   0.2440,   0.4240,   0.6020,   0.7830,   0.9680,   1.1460,   1.3100,   1.4890,   1.6640,   1.8400,   2.0130,   2.1930,   2.3750,   2.5510,   2.7290,   2.9080,   3.0830,   3.2650,   3.4490,   3.6220,   3.7920,   3.9680,   4.1280,   4.2800,   4.4470,   0.0000,   0.0000,   0.0000,   0.0000,   0.0000,   0.0000,   0.0000,   0.0000,   0.0000
   0.2440,   0.4240,   0.6020,   0.7840,   0.9690,   1.1470,   1.3110,   1.4890,   1.6660,   1.8430,   2.0150,   2.1950,   2.3760,   2.5540,   2.7330,   2.9110,   3.0850,   3.2690,   3.4520,   3.6260,   3.7980,   3.9740,   4.1360,   4.2880,   4.4580,   0.0000,   0.0000,   0.0000,   0.0000,   0.0000,   0.0000,   0.0000,   0.0000,   0.0000
   0.2450,   0.4250,   0.6030,   0.7840,   0.9690,   1.1480,   1.3120,   1.4910,   1.6680,   1.8450,   2.0170,   2.1980,   2.3770,   2.5560,   2.7360,   2.9140,   3.0870,   3.2720,   3.4550,   3.6310,   3.8040,   3.9830,   4.1470,   4.3000,   4.4690,   0.0000,   0.0000,   0.0000,   0.0000,   0.0000,   0.0000,   0.0000,   0.0000,   0.0000
   0.2450,   0.4250,   0.6040,   0.7850,   0.9700,   1.1490,   1.3140,   1.4910,   1.6700,   1.8480,   2.0200,   2.2010,   2.3780,   2.5590,   2.7390,   2.9170,   3.0910,   3.2770,   3.4600,   3.6350,   3.8110,   3.9900,   4.1560,   4.3120,   4.4760,   0.0000,   0.0000,   0.0000,   0.0000,   0.0000,   0.0000,   0.0000,   0.0000,   0.0000
   0.2460,   0.4250,   0.6050,   0.7860,   0.9710,   1.1500,   1.3160,   1.4920,   1.6720,   1.8490,   2.0230,   2.2030,   2.3790,   2.5620,   2.7410,   2.9220,   3.0940,   3.2800,   3.4650,   3.6370,   3.8180,   3.9960,   4.1650,   4.3240,   4.4850,   0.0000,   0.0000,   0.0000,   0.0000,   0.0000,   0.0000,   0.0000,   0.0000,   0.0000
   0.2460,   0.4260,   0.6060,   0.7860,   0.9720,   1.1510,   1.3180,   1.4940,   1.6730,   1.8500,   2.0250,   2.2060,   2.3810,   2.5660,   2.7440,   2.9260,   3.0980,   3.2830,   3.4710,   3.6440,   3.8230,   4.0040,   4.1720,   4.3350,   4.4920,   0.0000,   0.0000,   0.0000,   0.0000,   0.0000,   0.0000,   0.0000,   0.0000,   0.0000
   0.2470,   0.4260,   0.6060,   0.7870,   0.9730,   1.1520,   1.3200,   1.4950,   1.6750,   1.8520,   2.0290,   2.2080,   2.3830,   2.5690,   2.7460,   2.9280,   3.1020,   3.2880,   3.4760,   3.6490,   3.8280,   4.0080,   4.1800,   4.3470,   4.5000,   0.0000,   0.0000,   0.0000,   0.0000,   0.0000,   0.0000,   0.0000,   0.0000,   0.0000
   0.2470,   0.4270,   0.6070,   0.7880,   0.9730,   1.1530,   1.3230,   1.4970,   1.6780,   1.8540,   2.0320,   2.2110,   2.3850,   2.5720,   2.7480,   2.9320,   3.1050,   3.2920,   3.4800,   3.6530,   3.8350,   4.0140,   4.1880,   4.3580,   4.5080,   0.0000,   0.0000,   0.0000,   0.0000,   0.0000,   0.0000,   0.0000,   0.0000,   0.0000
   0.2470,   0.4270,   0.6080,   0.7890,   0.9740,   1.1540,   1.3250,   1.4980,   1.6800,   1.8540,   2.0340,   2.2130,   2.3880,   2.5750,   2.7510,   2.9350,   3.1100,   3.2960,   3.4840,   3.6600,   3.8410,   4.0210,   4.1970,   4.3690,   4.5220,   0.0000,   0.0000,   0.0000,   0.0000,   0.0000,   0.0000,   0.0000,   0.0000,   0.0000
   0.2480,   0.4280,   0.6090,   0.7900,   0.9750,   1.1560,   1.3260,   1.5000,   1.6800,   1.8560,   2.0370,   2.2140,   2.3910,   2.5780,   2.7540,   2.9390,   3.1140,   3.3000,   3.4880,   3.6660,   3.8480,   4.0290,   4.2020,   4.3790,   4.5330,   0.0000,   0.0000,   0.0000,   0.0000,   0.0000,   0.0000,   0.0000,   0.0000,   0.0000
   0.2480,   0.4280,   0.6090,   0.7910,   0.9750,   1.1560,   1.3270,   1.5020,   1.6810,   1.8570,   2.0390,   2.2160,   2.3950,   2.5810,   2.7560,   2.9420,   3.1190,   3.3030,   3.4920,   3.6720,   3.8540,   4.0350,   4.2120,   4.3870,   4.5460,   0.0000,   0.0000,   0.0000,   0.0000,   0.0000,   0.0000,   0.0000,   0.0000,   0.0000
   0.2490,   0.4280,   0.6100,   0.7920,   0.9760,   1.1570,   1.3290,   1.5050,   1.6830,   1.8580,   2.0400,   2.2180,   2.3980,   2.5830,   2.7580,   2.9450,   3.1230,   3.3070,   3.4930,   3.6800,   3.8600,   4.0410,   4.2210,   4.3960,   4.5580,   0.0000,   0.0000,   0.0000,   0.0000,   0.0000,   0.0000,   0.0000,   0.0000,   0.0000
   0.2490,   0.4290,   0.6100,   0.7930,   0.9760,   1.1570,   1.3310,   1.5050,   1.6840,   1.8590,   2.0430,   2.2200,   2.4000,   2.5850,   2.7610,   2.9490,   3.1280,   3.3100,   3.4960,   3.6840,   3.8680,   4.0470,   4.2330,   4.4060,   4.5710,   0.0000,   0.0000,   0.0000,   0.0000,   0.0000,   0.0000,   0.0000,   0.0000,   0.0000
   0.2490,   0.4290,   0.6100,   0.7940,   0.9770,   1.1590,   1.3330,   1.5070,   1.6860,   1.8600,   2.0450,   2.2220,   2.4020,   2.5870,   2.7640,   2.9530,   3.1310,   3.3150,   3.5000,   3.6890,   3.8740,   4.0570,   4.2420,   4.4140,   4.5870,   0.0000,   0.0000,   0.0000,   0.0000,   0.0000,   0.0000,   0.0000,   0.0000,   0.0000
   0.2500,   0.4290,   0.6110,   0.7950,   0.9770,   1.1610,   1.3340,   1.5090,   1.6880,   1.8610,   2.0460,   2.2240,   2.4050,   2.5890,   2.7660,   2.9550,   3.1360,   3.3200,   3.5040,   3.6940,   3.8830,   4.0640,   4.2490,   4.4230,   4.6050,   0.0000,   0.0000,   0.0000,   0.0000,   0.0000,   0.0000,   0.0000,   0.0000,   0.0000
   0.2500,   0.4300,   0.6110,   0.7960,   0.9780,   1.1620,   1.3350,   1.5100,   1.6900,   1.8630,   2.0470,   2.2260,   2.4090,   2.5900,   2.7690,   2.9590,   3.1400,   3.3240,   3.5080,   3.6990,   3.8890,   4.0690,   4.2540,   4.4320,   4.6180,   0.0000,   0.0000,   0.0000,   0.0000,   0.0000,   0.0000,   0.0000,   0.0000,   0.0000
   0.2500,   0.4300,   0.6120,   0.7970,   0.9780,   1.1620,   1.3370,   1.5110,   1.6920,   1.8660,   2.0480,   2.2290,   2.4120,   2.5930,   2.7700,   2.9610,   3.1430,   3.3280,   3.5130,   3.7050,   3.8960,   4.0760,   4.2620,   4.4430,   4.6310,   0.0000,   0.0000,   0.0000,   0.0000,   0.0000,   0.0000,   0.0000,   0.0000,   0.0000
   0.2500,   0.4300,   0.6120,   0.7980,   0.9790,   1.1650,   1.3370,   1.5120,   1.6940,   1.8690,   2.0510,   2.2300,   2.4150,   2.5950,   2.7730,   2.9640,   3.1460,   3.3330,   3.5170,   3.7080,   3.9010,   4.0820,   4.2680,   4.4490,   4.6480,   0.0000,   0.0000,   0.0000,   0.0000,   0.0000,   0.0000,   0.0000,   0.0000,   0.0000
   0.2500,   0.4300,   0.6120,   0.7980,   0.9800,   1.1660,   1.3380,   1.5130,   1.6950,   1.8720,   2.0530,   2.2320,   2.4180,   2.5990,   2.7770,   2.9670,   3.1500,   3.3370,   3.5240,   3.7120,   3.9060,   4.0900,   4.2740,   4.4570,   4.6620,   0.0000,   0.0000,   0.0000,   0.0000,   0.0000,   0.0000,   0.0000,   0.0000,   0.0000
   0.2510,   0.4300,   0.6130,   0.7980,   0.9800,   1.1680,   1.3380,   1.5150,   1.6980,   1.8740,   2.0530,   2.2340,   2.4200,   2.6010,   2.7790,   2.9700,   3.1530,   3.3410,   3.5280,   3.7160,   3.9100,   4.0990,   4.2770,   4.4640,   4.6740,   0.0000,   0.0000,   0.0000,   0.0000,   0.0000,   0.0000,   0.0000,   0.0000,   0.0000
   0.2510,   0.4300,   0.6130,   0.7980,   0.9810,   1.1690,   1.3380,   1.5170,   1.6990,   1.8770,   2.0540,   2.2360,   2.4230,   2.6030,   2.7820,   2.9730,   3.1570,   3.3430,   3.5310,   3.7210,   3.9160,   4.1040,   4.2820,   4.4710,   4.6850,   0.0000,   0.0000,   0.0000,   0.0000,   0.0000,   0.0000,   0.0000,   0.0000,   0.0000
   0.2510,   0.4300,   0.6130,   0.7990,   0.9820,   1.1700,   1.3390,   1.5180,   1.6990,   1.8800,   2.0560,   2.2390,   2.4260,   2.6050,   2.7840,   2.9770,   3.1580,   3.3460,   3.5350,   3.7240,   3.9190,   4.1110,   4.2890,   4.4770,   4.6900,   0.0000,   0.0000,   0.0000,   0.0000,   0.0000,   0.0000,   0.0000,   0.0000,   0.0000
   0.2510,   0.4300,   0.6140,   0.7990,   0.9840,   1.1710,   1.3390,   1.5190,   1.7020,   1.8810,   2.0590,   2.2410,   2.4280,   2.6080,   2.7870,   2.9790,   3.1610,   3.3490,   3.5390,   3.7270,   3.9210,   4.1160,   4.2960,   4.4840,   4.6970,   0.0000,   0.0000,   0.0000,   0.0000,   0.0000,   0.0000,   0.0000,   0.0000,   0.0000
   0.2510,   0.4300,   0.6140,   0.8000,   0.9860,   1.1730,   1.3390,   1.5210,   1.7030,   1.8830,   2.0610,   2.2430,   2.4280,   2.6100,   2.7900,   2.9810,   3.1630,   3.3530,   3.5420,   3.7290,   3.9240,   4.1200,   4.3010,   4.4890,   4.7070,   0.0000,   0.0000,   0.0000,   0.0000,   0.0000,   0.0000,   0.0000,   0.0000,   0.0000
   0.2520,   0.4300,   0.6150,   0.8000,   0.9870,   1.1730,   1.3400,   1.5220,   1.7050,   1.8840,   2.0620,   2.2450,   2.4290,   2.6120,   2.7930,   2.9830,   3.1650,   3.3550,   3.5440,   3.7330,   3.9260,   4.1240,   4.3040,   4.4980,   4.7140,   0.0000,   0.0000,   0.0000,   0.0000,   0.0000,   0.0000,   0.0000,   0.0000,   0.0000
   0.2520,   0.4300,   0.6150,   0.8000,   0.9890,   1.1740,   1.3410,   1.5230,   1.7070,   1.8850,   2.0630,   2.2470,   2.4300,   2.6130,   2.7950,   2.9850,   3.1670,   3.3570,   3.5460,   3.7360,   3.9290,   4.1250,   4.3090,   4.5030,   4.7210,   0.0000,   0.0000,   0.0000,   0.0000,   0.0000,   0.0000,   0.0000,   0.0000,   0.0000
   0.2510,   0.4300,   0.6160,   0.8000,   0.9910,   1.1750,   1.3420,   1.5240,   1.7070,   1.8860,   2.0640,   2.2480,   2.4320,   2.6140,   2.7970,   2.9860,   3.1700,   3.3590,   3.5480,   3.7390,   3.9330,   4.1240,   4.3160,   4.5100,   4.7280,   0.0000,   0.0000,   0.0000,   0.0000,   0.0000,   0.0000,   0.0000,   0.0000,   0.0000
   0.2510,   0.4300,   0.6160,   0.8010,   0.9910,   1.1750,   1.3430,   1.5250,   1.7090,   1.8870,   2.0660,   2.2490,   2.4330,   2.6160,   2.7990,   2.9890,   3.1720,   3.3620,   3.5520,   3.7420,   3.9330,   4.1260,   4.3190,   4.5160,   4.7320,   0.0000,   0.0000,   0.0000,   0.0000,   0.0000,   0.0000,   0.0000,   0.0000,   0.0000
   0.2510,   0.4300,   0.6160,   0.8010,   0.9920,   1.1750,   1.3430,   1.5260,   1.7100,   1.8870,   2.0690,   2.2500,   2.4340,   2.6170,   2.8000,   2.9910,   3.1750,   3.3660,   3.5560,   3.7440,   3.9350,   4.1290,   4.3220,   4.5210,   4.7410,   0.0000,   0.0000,   0.0000,   0.0000,   0.0000,   0.0000,   0.0000,   0.0000,   0.0000
   0.2510,   0.4300,   0.6170,   0.8010,   0.9910,   1.1750,   1.3440,   1.5270,   1.7100,   1.8880,   2.0700,   2.2510,   2.4330,   2.6180,   2.8010,   2.9920,   3.1780,   3.3670,   3.5570,   3.7470,   3.9370,   4.1300,   4.3250,   4.5260,   4.7470,   0.0000,   0.0000,   0.0000,   0.0000,   0.0000,   0.0000,   0.0000,   0.0000,   0.0000
   0.2510,   0.4300,   0.6170,   0.8020,   0.9900,   1.1750,   1.3450,   1.5270,   1.7110,   1.8880,   2.0690,   2.2530,   2.4330,   2.6190,   2.8020,   2.9940,   3.1800,   3.3670,   3.5580,   3.7490,   3.9380,   4.1320,   4.3280,   4.5290,   4.7500,   0.0000,   0.0000,   0.0000,   0.0000,   0.0000,   0.0000,   0.0000,   0.0000,   0.0000
   0.2510,   0.4300,   0.6170,   0.8020,   0.9910,   1.1750,   1.3460,   1.5280,   1.7120,   1.8880,   2.0690,   2.2540,   2.4340,   2.6200,   2.8030,   2.9960,   3.1810,   3.3680,   3.5600,   3.7500,   3.9390,   4.1330,   4.3300,   4.5310,   4.7510,   0.0000,   0.0000,   0.0000,   0.0000,   0.0000,   0.0000,   0.0000,   0.0000,   0.0000
   0.2500,   0.4290,   0.6170,   0.8030,   0.9900,   1.1760,   1.3460,   1.5280,   1.7120,   1.8890,   2.0710,   2.2550,   2.4350,   2.6210,   2.8030,   2.9980,   3.1830,   3.3700,   3.5610,   3.7500,   3.9400,   4.1340,   4.3320,   4.5340,   4.7550,   0.0000,   0.0000,   0.0000,   0.0000,   0.0000,   0.0000,   0.0000,   0.0000,   0.0000
   0.2500,   0.4290,   0.6170,   0.8030,   0.9900,   1.1760,   1.3470,   1.5280,   1.7130,   1.8890,   2.0730,   2.2560,   2.4350,   2.6230,   2.8040,   2.9990,   3.1830,   3.3710,   3.5620,   3.7510,   3.9390,   4.1350,   4.3320,   4.5350,   4.7570,   0.0000,   0.0000,   0.0000,   0.0000,   0.0000,   0.0000,   0.0000,   0.0000,   0.0000
   0.2500,   0.4290,   0.6180,   0.8030,   0.9900,   1.1760,   1.3470,   1.5290,   1.7130,   1.8900,   2.0740,   2.2590,   2.4380,   2.6230,   2.8050,   2.9990,   3.1840,   3.3710,   3.5610,   3.7500,   3.9400,   4.1360,   4.3320,   4.5350,   4.7570,   0.0000,   0.0000,   0.0000,   0.0000,   0.0000,   0.0000,   0.0000,   0.0000,   0.0000
   0.2490,   0.4290,   0.6180,   0.8030,   0.9890,   1.1770,   1.3470,   1.5290,   1.7130,   1.8910,   2.0740,   2.2610,   2.4390,   2.6240,   2.8060,   2.9980,   3.1850,   3.3700,   3.5600,   3.7490,   3.9400,   4.1360,   4.3320,   4.5350,   4.7550,   0.0000,   0.0000,   0.0000,   0.0000,   0.0000,   0.0000,   0.0000,   0.0000,   0.0000
   0.2490,   0.4290,   0.6180,   0.8020,   0.9890,   1.1770,   1.3470,   1.5290,   1.7140,   1.8920,   2.0750,   2.2620,   2.4410,   2.6250,   2.8070,   2.9980,   3.1840,   3.3700,   3.5590,   3.7480,   3.9400,   4.1350,   4.3330,   4.5350,   4.7530,   0.0000,   0.0000,   0.0000,   0.0000,   0.0000,   0.0000,   0.0000,   0.0000,   0.0000
   0.2490,   0.4300,   0.6180,   0.8020,   0.9900,   1.1770,   1.3470,   1.5290,   1.7140,   1.8930,   2.0770,   2.2630,   2.4430,   2.6250,   2.8070,   2.9990,   3.1830,   3.3700,   3.5590,   3.7470,   3.9400,   4.1350,   4.3310,   4.5330,   4.7510,   0.0000,   0.0000,   0.0000,   0.0000,   0.0000,   0.0000,   0.0000,   0.0000,   0.0000
   0.2480,   0.4300,   0.6180,   0.8010,   0.9900,   1.1770,   1.3470,   1.5290,   1.7140,   1.8940,   2.0780,   2.2640,   2.4430,   2.6250,   2.8070,   2.9990,   3.1830,   3.3700,   3.5590,   3.7470,   3.9390,   4.1350,   4.3310,   4.5310,   4.7510,   0.0000,   0.0000,   0.0000,   0.0000,   0.0000,   0.0000,   0.0000,   0.0000,   0.0000
   0.2480,   0.4300,   0.6180,   0.8010,   0.9910,   1.1770,   1.3470,   1.5290,   1.7140,   1.8950,   2.0780,   2.2640,   2.4430,   2.6240,   2.8080,   2.9980,   3.1820,   3.3690,   3.5580,   3.7480,   3.9370,   4.1330,   4.3280,   4.5280,   4.7450,   0.0000,   0.0000,   0.0000,   0.0000,   0.0000,   0.0000,   0.0000,   0.0000,   0.0000
   0.2480,   0.4300,   0.6180,   0.8010,   0.9900,   1.1770,   1.3470,   1.5290,   1.7150,   1.8950,   2.0760,   2.2640,   2.4430,   2.6250,   2.8080,   2.9990,   3.1830,   3.3680,   3.5570,   3.7480,   3.9360,   4.1320,   4.3270,   4.5250,   4.7390,   0.0000,   0.0000,   0.0000,   0.0000,   0.0000,   0.0000,   0.0000,   0.0000,   0.0000
   0.2470,   0.4300,   0.6180,   0.8010,   0.9900,   1.1770,   1.3460,   1.5290,   1.7140,   1.8940,   2.0750,   2.2620,   2.4410,   2.6240,   2.8080,   2.9980,   3.1810,   3.3670,   3.5550,   3.7470,   3.9340,   4.1310,   4.3250,   4.5220,   4.7350,   0.0000,   0.0000,   0.0000,   0.0000,   0.0000,   0.0000,   0.0000,   0.0000,   0.0000
   0.2470,   0.4300,   0.6170,   0.8000,   0.9910,   1.1760,   1.3460,   1.5290,   1.7150,   1.8930,   2.0740,   2.2600,   2.4400,   2.6240,   2.8070,   2.9980,   3.1800,   3.3650,   3.5550,   3.7440,   3.9330,   4.1290,   4.3240,   4.5190,   4.7320,   0.0000,   0.0000,   0.0000,   0.0000,   0.0000,   0.0000,   0.0000,   0.0000,   0.0000
   0.2470,   0.4300,   0.6170,   0.7990,   0.9910,   1.1750,   1.3450,   1.5290,   1.7140,   1.8930,   2.0730,   2.2590,   2.4390,   2.6240,   2.8080,   2.9980,   3.1790,   3.3630,   3.5540,   3.7440,   3.9310,   4.1290,   4.3210,   4.5140,   4.7290,   0.0000,   0.0000,   0.0000,   0.0000,   0.0000,   0.0000,   0.0000,   0.0000,   0.0000
   0.2470,   0.4300,   0.6170,   0.7990,   0.9910,   1.1740,   1.3440,   1.5280,   1.7140,   1.8920,   2.0700,   2.2580,   2.4380,   2.6230,   2.8070,   2.9970,   3.1790,   3.3610,   3.5520,   3.7420,   3.9290,   4.1260,   4.3190,   4.5110,   4.7230,   0.0000,   0.0000,   0.0000,   0.0000,   0.0000,   0.0000,   0.0000,   0.0000,   0.0000
   0.2470,   0.4300,   0.6160,   0.7980,   0.9910,   1.1730,   1.3440,   1.5280,   1.7120,   1.8910,   2.0700,   2.2570,   2.4380,   2.6230,   2.8060,   2.9950,   3.1770,   3.3600,   3.5510,   3.7420,   3.9270,   4.1200,   4.3150,   4.5070,   4.7170,   0.0000,   0.0000,   0.0000,   0.0000,   0.0000,   0.0000,   0.0000,   0.0000,   0.0000
   0.2470,   0.4300,   0.6160,   0.7980,   0.9910,   1.1720,   1.3420,   1.5270,   1.7120,   1.8890,   2.0670,   2.2560,   2.4380,   2.6220,   2.8050,   2.9940,   3.1760,   3.3590,   3.5500,   3.7380,   3.9260,   4.1160,   4.3110,   4.5030,   4.7130,   0.0000,   0.0000,   0.0000,   0.0000,   0.0000,   0.0000,   0.0000,   0.0000,   0.0000
   0.2460,   0.4300,   0.6160,   0.7980,   0.9900,   1.1710,   1.3420,   1.5270,   1.7120,   1.8880,   2.0670,   2.2560,   2.4380,   2.6210,   2.8030,   2.9930,   3.1740,   3.3560,   3.5480,   3.7350,   3.9220,   4.1120,   4.3070,   4.4980,   4.7100,   0.0000,   0.0000,   0.0000,   0.0000,   0.0000,   0.0000,   0.0000,   0.0000,   0.0000
   0.2460,   0.4290,   0.6160,   0.7970,   0.9900,   1.1710,   1.3410,   1.5270,   1.7100,   1.8880,   2.0670,   2.2540,   2.4360,   2.6200,   2.8020,   2.9910,   3.1740,   3.3550,   3.5470,   3.7320,   3.9190,   4.1070,   4.3000,   4.4910,   4.7010,   0.0000,   0.0000,   0.0000,   0.0000,   0.0000,   0.0000,   0.0000,   0.0000,   0.0000
   0.2460,   0.4290,   0.6150,   0.7970,   0.9910,   1.1710,   1.3400,   1.5260,   1.7090,   1.8870,   2.0660,   2.2530,   2.4350,   2.6190,   2.8000,   2.9890,   3.1720,   3.3560,   3.5440,   3.7300,   3.9150,   4.1020,   4.2950,   4.4850,   4.6940,   0.0000,   0.0000,   0.0000,   0.0000,   0.0000,   0.0000,   0.0000,   0.0000,   0.0000
   0.2460,   0.4280,   0.6140,   0.7960,   0.9910,   1.1700,   1.3400,   1.5260,   1.7070,   1.8850,   2.0650,   2.2510,   2.4330,   2.6170,   2.7980,   2.9890,   3.1690,   3.3550,   3.5420,   3.7250,   3.9110,   4.0980,   4.2890,   4.4830,   4.6870,   0.0000,   0.0000,   0.0000,   0.0000,   0.0000,   0.0000,   0.0000,   0.0000,   0.0000
   0.2460,   0.4280,   0.6130,   0.7960,   0.9900,   1.1700,   1.3390,   1.5240,   1.7040,   1.8830,   2.0650,   2.2500,   2.4320,   2.6160,   2.7960,   2.9850,   3.1670,   3.3530,   3.5380,   3.7200,   3.9080,   4.0930,   4.2830,   4.4760,   4.6790,   0.0000,   0.0000,   0.0000,   0.0000,   0.0000,   0.0000,   0.0000,   0.0000,   0.0000
   0.2460,   0.4270,   0.6130,   0.7950,   0.9900,   1.1700,   1.3380,   1.5220,   1.7030,   1.8820,   2.0630,   2.2490,   2.4300,   2.6140,   2.7940,   2.9820,   3.1650,   3.3490,   3.5330,   3.7150,   3.9030,   4.0900,   4.2780,   4.4680,   4.6750,   0.0000,   0.0000,   0.0000,   0.0000,   0.0000,   0.0000,   0.0000,   0.0000,   0.0000
   0.2460,   0.4270,   0.6120,   0.7950,   0.9890,   1.1700,   1.3380,   1.5210,   1.7000,   1.8820,   2.0630,   2.2470,   2.4280,   2.6120,   2.7920,   2.9780,   3.1620,   3.3450,   3.5300,   3.7130,   3.8990,   4.0850,   4.2720,   4.4600,   4.6680,   0.0000,   0.0000,   0.0000,   0.0000,   0.0000,   0.0000,   0.0000,   0.0000,   0.0000
   0.2460,   0.4270,   0.6110,   0.7940,   0.9880,   1.1700,   1.3370,   1.5200,   1.6980,   1.8810,   2.0620,   2.2460,   2.4260,   2.6110,   2.7900,   2.9750,   3.1600,   3.3420,   3.5260,   3.7090,   3.8960,   4.0800,   4.2650,   4.4560,   4.6600,   0.0000,   0.0000,   0.0000,   0.0000,   0.0000,   0.0000,   0.0000,   0.0000,   0.0000
   0.2450,   0.4270,   0.6110,   0.7930,   0.9880,   1.1680,   1.3370,   1.5180,   1.6970,   1.8800,   2.0600,   2.2460,   2.4250,   2.6090,   2.7870,   2.9720,   3.1560,   3.3380,   3.5220,   3.7040,   3.8920,   4.0750,   4.2620,   4.4520,   4.6560,   0.0000,   0.0000,   0.0000,   0.0000,   0.0000,   0.0000,   0.0000,   0.0000,   0.0000
   0.2450,   0.4260,   0.6100,   0.7930,   0.9860,   1.1680,   1.3370,   1.5170,   1.6960,   1.8790,   2.0590,   2.2450,   2.4250,   2.6070,   2.7860,   2.9700,   3.1540,   3.3340,   3.5180,   3.6980,   3.8890,   4.0680,   4.2550,   4.4470,   4.6500,   0.0000,   0.0000,   0.0000,   0.0000,   0.0000,   0.0000,   0.0000,   0.0000,   0.0000
   0.2450,   0.4260,   0.6100,   0.7920,   0.9840,   1.1660,   1.3360,   1.5160,   1.6960,   1.8790,   2.0580,   2.2440,   2.4250,   2.6060,   2.7830,   2.9640,   3.1530,   3.3300,   3.5130,   3.6950,   3.8840,   4.0600,   4.2490,   4.4390,   4.6400,   0.0000,   0.0000,   0.0000,   0.0000,   0.0000,   0.0000,   0.0000,   0.0000,   0.0000
   0.2450,   0.4260,   0.6090,   0.7920,   0.9810,   1.1650,   1.3350,   1.5150,   1.6950,   1.8780,   2.0570,   2.2430,   2.4230,   2.6020,   2.7810,   2.9620,   3.1510,   3.3260,   3.5100,   3.6920,   3.8810,   4.0530,   4.2430,   4.4330,   4.6330,   0.0000,   0.0000,   0.0000,   0.0000,   0.0000,   0.0000,   0.0000,   0.0000,   0.0000
   0.2450,   0.4250,   0.6090,   0.7910,   0.9780,   1.1630,   1.3350,   1.5150,   1.6950,   1.8770,   2.0560,   2.2420,   2.4210,   2.6000,   2.7780,   2.9590,   3.1480,   3.3220,   3.5070,   3.6870,   3.8750,   4.0490,   4.2380,   4.4300,   4.6240,   0.0000,   0.0000,   0.0000,   0.0000,   0.0000,   0.0000,   0.0000,   0.0000,   0.0000
   0.2440,   0.4250,   0.6080,   0.7900,   0.9760,   1.1620,   1.3340,   1.5140,   1.6940,   1.8760,   2.0550,   2.2400,   2.4200,   2.5980,   2.7760,   2.9570,   3.1440,   3.3180,   3.5020,   3.6820,   3.8700,   4.0440,   4.2330,   4.4260,   4.6150,   0.0000,   0.0000,   0.0000,   0.0000,   0.0000,   0.0000,   0.0000,   0.0000,   0.0000
   0.2440,   0.4240,   0.6080,   0.7890,   0.9740,   1.1600,   1.3340,   1.5130,   1.6940,   1.8750,   2.0550,   2.2380,   2.4170,   2.5940,   2.7730,   2.9540,   3.1400,   3.3150,   3.4970,   3.6780,   3.8660,   4.0390,   4.2300,   4.4170,   4.6090,   0.0000,   0.0000,   0.0000,   0.0000,   0.0000,   0.0000,   0.0000,   0.0000,   0.0000
   0.2440,   0.4240,   0.6070,   0.7890,   0.9720,   1.1600,   1.3330,   1.5130,   1.6930,   1.8730,   2.0530,   2.2360,   2.4140,   2.5920,   2.7700,   2.9510,   3.1380,   3.3100,   3.4920,   3.6740,   3.8600,   4.0340,   4.2240,   4.4100,   4.6030,   0.0000,   0.0000,   0.0000,   0.0000,   0.0000,   0.0000,   0.0000,   0.0000,   0.0000
   0.2440,   0.4230,   0.6070,   0.7880,   0.9710,   1.1590,   1.3330,   1.5120,   1.6920,   1.8720,   2.0510,   2.2340,   2.4110,   2.5900,   2.7670,   2.9490,   3.1320,   3.3050,   3.4880,   3.6720,   3.8540,   4.0310,   4.2180,   4.4020,   4.5970,   0.0000,   0.0000,   0.0000,   0.0000,   0.0000,   0.0000,   0.0000,   0.0000,   0.0000
   0.2440,   0.4230,   0.6070,   0.7870,   0.9700,   1.1590,   1.3300,   1.5100,   1.6910,   1.8710,   2.0500,   2.2330,   2.4080,   2.5870,   2.7640,   2.9470,   3.1280,   3.2990,   3.4840,   3.6670,   3.8500,   4.0270,   4.2130,   4.3950,   4.5920,   0.0000,   0.0000,   0.0000,   0.0000,   0.0000,   0.0000,   0.0000,   0.0000,   0.0000
   0.2440,   0.4230,   0.6060,   0.7870,   0.9700,   1.1590,   1.3280,   1.5100,   1.6890,   1.8690,   2.0490,   2.2310,   2.4060,   2.5850,   2.7610,   2.9440,   3.1240,   3.2950,   3.4780,   3.6620,   3.8440,   4.0220,   4.2040,   4.3890,   4.5850,   0.0000,   0.0000,   0.0000,   0.0000,   0.0000,   0.0000,   0.0000,   0.0000,   0.0000
   0.2440,   0.4220,   0.6060,   0.7870,   0.9700,   1.1590,   1.3260,   1.5090,   1.6880,   1.8680,   2.0470,   2.2300,   2.4030,   2.5830,   2.7580,   2.9410,   3.1200,   3.2920,   3.4750,   3.6570,   3.8380,   4.0170,   4.1980,   4.3820,   4.5750,   0.0000,   0.0000,   0.0000,   0.0000,   0.0000,   0.0000,   0.0000,   0.0000,   0.0000
   0.2440,   0.4220,   0.6060,   0.7860,   0.9700,   1.1600,   1.3240,   1.5080,   1.6860,   1.8670,   2.0450,   2.2280,   2.4000,   2.5800,   2.7560,   2.9390,   3.1150,   3.2880,   3.4710,   3.6490,   3.8340,   4.0130,   4.1920,   4.3750,   4.5680,   0.0000,   0.0000,   0.0000,   0.0000,   0.0000,   0.0000,   0.0000,   0.0000,   0.0000
   0.2440,   0.4220,   0.6060,   0.7860,   0.9700,   1.1590,   1.3210,   1.5060,   1.6840,   1.8650,   2.0420,   2.2260,   2.3990,   2.5790,   2.7530,   2.9350,   3.1120,   3.2830,   3.4680,   3.6440,   3.8290,   4.0080,   4.1850,   4.3700,   4.5630,   0.0000,   0.0000,   0.0000,   0.0000,   0.0000,   0.0000,   0.0000,   0.0000,   0.0000
   0.2440,   0.4210,   0.6060,   0.7850,   0.9710,   1.1590,   1.3180,   1.5050,   1.6830,   1.8650,   2.0410,   2.2250,   2.3960,   2.5750,   2.7510,   2.9320,   3.1070,   3.2800,   3.4650,   3.6390,   3.8260,   4.0040,   4.1790,   4.3630,   4.5570,   0.0000,   0.0000,   0.0000,   0.0000,   0.0000,   0.0000,   0.0000,   0.0000,   0.0000
   0.2440,   0.4210,   0.6060,   0.7850,   0.9700,   1.1590,   1.3170,   1.5030,   1.6810,   1.8630,   2.0400,   2.2230,   2.3930,   2.5720,   2.7490,   2.9290,   3.1040,   3.2770,   3.4610,   3.6330,   3.8220,   3.9980,   4.1750,   4.3610,   4.5510,   0.0000,   0.0000,   0.0000,   0.0000,   0.0000,   0.0000,   0.0000,   0.0000,   0.0000
   0.2440,   0.4210,   0.6060,   0.7840,   0.9700,   1.1580,   1.3180,   1.5020,   1.6790,   1.8620,   2.0390,   2.2210,   2.3910,   2.5700,   2.7480,   2.9240,   3.1000,   3.2770,   3.4580,   3.6290,   3.8180,   3.9940,   4.1680,   4.3550,   4.5470,   0.0000,   0.0000,   0.0000,   0.0000,   0.0000,   0.0000,   0.0000,   0.0000,   0.0000
   0.2440,   0.4210,   0.6050,   0.7840,   0.9690,   1.1580,   1.3170,   1.5010,   1.6790,   1.8610,   2.0370,   2.2180,   2.3890,   2.5690,   2.7460,   2.9210,   3.0970,   3.2740,   3.4550,   3.6240,   3.8120,   3.9910,   4.1680,   4.3540,   4.5440,   0.0000,   0.0000,   0.0000,   0.0000,   0.0000,   0.0000,   0.0000,   0.0000,   0.0000
   0.2430,   0.4200,   0.6050,   0.7830,   0.9680,   1.1560,   1.3170,   1.4990,   1.6780,   1.8600,   2.0360,   2.2140,   2.3880,   2.5660,   2.7440,   2.9190,   3.0930,   3.2720,   3.4510,   3.6210,   3.8080,   3.9870,   4.1640,   4.3510,   4.5430,   0.0000,   0.0000,   0.0000,   0.0000,   0.0000,   0.0000,   0.0000,   0.0000,   0.0000
   0.2430,   0.4200,   0.6050,   0.7830,   0.9670,   1.1540,   1.3160,   1.4990,   1.6780,   1.8590,   2.0340,   2.2120,   2.3860,   2.5640,   2.7410,   2.9150,   3.0920,   3.2680,   3.4470,   3.6180,   3.8060,   3.9830,   4.1600,   4.3480,   4.5410,   0.0000,   0.0000,   0.0000,   0.0000,   0.0000,   0.0000,   0.0000,   0.0000,   0.0000
   0.2430,   0.4200,   0.6040,   0.7820,   0.9670,   1.1540,   1.3160,   1.4990,   1.6770,   1.8580,   2.0340,   2.2090,   2.3850,   2.5630,   2.7390,   2.9130,   3.0900,   3.2670,   3.4430,   3.6160,   3.8030,   3.9800,   4.1580,   4.3460,   4.5380,   0.0000,   0.0000,   0.0000,   0.0000,   0.0000,   0.0000,   0.0000,   0.0000,   0.0000
   0.2430,   0.4190,   0.6040,   0.7810,   0.9660,   1.1520,   1.3160,   1.4990,   1.6770,   1.8570,   2.0310,   2.2070,   2.3840,   2.5610,   2.7360,   2.9100,   3.0880,   3.2640,   3.4400,   3.6100,   3.8000,   3.9770,   4.1550,   4.3440,   4.5340,   0.0000,   0.0000,   0.0000,   0.0000,   0.0000,   0.0000,   0.0000,   0.0000,   0.0000
   0.2430,   0.4190,   0.6040,   0.7800,   0.9650,   1.1500,   1.3150,   1.4990,   1.6760,   1.8560,   2.0290,   2.2050,   2.3830,   2.5590,   2.7340,   2.9070,   3.0870,   3.2620,   3.4360,   3.6070,   3.7960,   3.9770,   4.1520,   4.3380,   4.5320,   0.0000,   0.0000,   0.0000,   0.0000,   0.0000,   0.0000,   0.0000,   0.0000,   0.0000
   0.2430,   0.4180,   0.6030,   0.7800,   0.9630,   1.1490,   1.3140,   1.4990,   1.6750,   1.8550,   2.0280,   2.2040,   2.3820,   2.5560,   2.7320,   2.9060,   3.0860,   3.2580,   3.4340,   3.6060,   3.7940,   3.9740,   4.1510,   4.3350,   4.5280,   0.0000,   0.0000,   0.0000,   0.0000,   0.0000,   0.0000,   0.0000,   0.0000,   0.0000
   0.2420,   0.4170,   0.6030,   0.7790,   0.9630,   1.1470,   1.3130,   1.4980,   1.6740,   1.8530,   2.0260,   2.2030,   2.3820,   2.5540,   2.7300,   2.9040,   3.0830,   3.2560,   3.4310,   3.6040,   3.7920,   3.9710,   4.1460,   4.3300,   4.5270,   0.0000,   0.0000,   0.0000,   0.0000,   0.0000,   0.0000,   0.0000,   0.0000,   0.0000
   0.2420,   0.4170,   0.6030,   0.7780,   0.9610,   1.1470,   1.3130,   1.4970,   1.6730,   1.8510,   2.0250,   2.2020,   2.3810,   2.5520,   2.7290,   2.9010,   3.0830,   3.2530,   3.4280,   3.6030,   3.7920,   3.9680,   4.1450,   4.3270,   4.5260,   0.0000,   0.0000,   0.0000,   0.0000,   0.0000,   0.0000,   0.0000,   0.0000,   0.0000
   0.2420,   0.4170,   0.6020,   0.7770,   0.9600,   1.1460,   1.3120,   1.4960,   1.6710,   1.8500,   2.0240,   2.2010,   2.3810,   2.5490,   2.7280,   2.8980,   3.0800,   3.2530,   3.4250,   3.6030,   3.7880,   3.9660,   4.1430,   4.3240,   4.5260,   0.0000,   0.0000,   0.0000,   0.0000,   0.0000,   0.0000,   0.0000,   0.0000,   0.0000
   0.2420,   0.4160,   0.6010,   0.7760,   0.9580,   1.1450,   1.3120,   1.4970,   1.6700,   1.8470,   2.0230,   2.2010,   2.3800,   2.5480,   2.7270,   2.8960,   3.0790,   3.2510,   3.4230,   3.6020,   3.7850,   3.9630,   4.1400,   4.3200,  -4.4930,   0.0000,   0.0000,   0.0000,   0.0000,   0.0000,   0.0000,   0.0000,   0.0000,   0.0000
   0.2420,   0.4160,   0.6010,   0.7760,   0.9570,   1.1430,   1.3110,   1.4960,   1.6700,   1.8450,   2.0230,   2.2000,   2.3800,   2.5470,   2.7260,   2.8940,   3.0760,   3.2500,   3.4200,   3.6050,   3.7820,   3.9590,   4.1410,   4.3200,  -4.4940,   0.0000,   0.0000,   0.0000,   0.0000,   0.0000,   0.0000,   0.0000,   0.0000,   0.0000
   0.2420,   0.4160,   0.6000,   0.7750,   0.9560,   1.1430,   1.3100,   1.4960,   1.6680,   1.8450,   2.0230,   2.1990,   2.3790,   2.5460,   2.7250,   2.8920,   3.0730,   3.2500,   3.4180,   3.6050,   3.7800,   3.9580,   4.1390,   4.3200,  -4.4950,   0.0000,   0.0000,   0.0000,   0.0000,   0.0000,   0.0000,   0.0000,   0.0000,   0.0000
   0.2410,   0.4150,   0.5990,   0.7750,   0.9560,   1.1420,   1.3100,   1.4960,   1.6680,   1.8440,   2.0230,   2.1980,   2.3770,   2.5460,   2.7240,   2.8910,   3.0720,   3.2490,   3.4170,   3.6030,   3.7780,   3.9560,   4.1410,   4.3200,  -4.4970,   0.0000,   0.0000,   0.0000,   0.0000,   0.0000,   0.0000,   0.0000,   0.0000,   0.0000
   0.2410,   0.4150,   0.5980,   0.7740,   0.9550,   1.1410,   1.3100,   1.4960,   1.6670,   1.8430,   2.0230,   2.1970,   2.3750,   2.5460,   2.7230,   2.8890,   3.0720,   3.2490,   3.4170,   3.6010,   3.7770,   3.9560,   4.1420,   4.3200,  -4.4980,   0.0000,   0.0000,   0.0000,   0.0000,   0.0000,   0.0000,   0.0000,   0.0000,   0.0000
   0.2410,   0.4140,   0.5970,   0.7740,   0.9550,   1.1410,   1.3090,   1.4960,   1.6660,   1.8430,   2.0230,   2.1970,   2.3750,   2.5460,   2.7230,   2.8890,   3.0700,   3.2490,   3.4140,   3.6010,   3.7750,   3.9560,   4.1410,   4.3210,  -4.4990,   0.0000,   0.0000,   0.0000,   0.0000,   0.0000,   0.0000,   0.0000,   0.0000,   0.0000
   0.2410,   0.4140,   0.5970,   0.7730,   0.9550,   1.1410,   1.3090,   1.4970,   1.6640,   1.8420,   2.0240,   2.1960,   2.3730,   2.5460,   2.7220,   2.8890,   3.0690,   3.2480,   3.4160,   3.6010,   3.7740,   3.9550,   4.1410,   4.3220,  -4.5010,   0.0000,   0.0000,   0.0000,   0.0000,   0.0000,   0.0000,   0.0000,   0.0000,   0.0000
   0.2410,   0.4140,   0.5960,   0.7730,   0.9550,   1.1410,   1.3090,   1.4960,   1.6650,   1.8420,   2.0240,   2.1960,   2.3740,   2.5450,   2.7220,   2.8880,   3.0690,   3.2460,   3.4160,   3.5990,   3.7740,   3.9560,   4.1430,   4.3240,  -4.5030,   0.0000,   0.0000,   0.0000,   0.0000,   0.0000,   0.0000,   0.0000,   0.0000,   0.0000
   0.2410,   0.4130,   0.5960,   0.7730,   0.9550,   1.1410,   1.3090,   1.4960,   1.6630,   1.8420,   2.0240,   2.1960,   2.3740,   2.5450,   2.7230,   2.8890,   3.0690,   3.2450,   3.4150,   3.5980,   3.7730,   3.9570,   4.1430,   4.3250,  -4.5040,   0.0000,   0.0000,   0.0000,   0.0000,   0.0000,   0.0000,   0.0000,   0.0000,   0.0000
   0.2410,   0.4130,   0.5950,   0.7730,   0.9540,   1.1410,   1.3100,   1.4960,   1.6640,   1.8410,   2.0230,   2.1960,   2.3740,   2.5450,   2.7230,   2.8900,   3.0700,   3.2450,   3.4130,   3.5970,   3.7740,   3.9570,   4.1460,   4.3250,  -4.5060,   0.0000,   0.0000,   0.0000,   0.0000,   0.0000,   0.0000,   0.0000,   0.0000,   0.0000
   0.2410,   0.4130,   0.5940,   0.7730,   0.9540,   1.1410,   1.3100,   1.4960,   1.6640,   1.8410,   2.0230,   2.1960,   2.3750,   2.5450,   2.7240,   2.8890,   3.0710,   3.2440,   3.4130,   3.5990,   3.7730,   3.9570,   4.1470,   4.3250,  -4.5070,   0.0000,   0.0000,   0.0000,   0.0000,   0.0000,   0.0000,   0.0000,   0.0000,   0.0000
   0.2410,   0.4120,   0.5930,   0.7740,   0.9540,   1.1410,   1.3110,   1.4950,   1.6650,   1.8410,   2.0220,   2.1960,   2.3760,   2.5440,   2.7240,   2.8920,   3.0690,   3.2430,   3.4130,   3.6020,   3.7750,   3.9580,   4.1470,   4.3260,  -4.5090,   0.0000,   0.0000,   0.0000,   0.0000,   0.0000,   0.0000,   0.0000,   0.0000,   0.0000
   0.2410,   0.4120,   0.5930,   0.7740,   0.9540,   1.1400,   1.3110,   1.4940,   1.6650,   1.8410,   2.0220,   2.1960,   2.3770,   2.5450,   2.7230,   2.8920,   3.0700,   3.2430,   3.4180,   3.6010,   3.7740,   3.9590,   4.1500,   4.3280,  -4.5110,   0.0000,   0.0000,   0.0000,   0.0000,   0.0000,   0.0000,   0.0000,   0.0000,   0.0000
   0.2410,   0.4120,   0.5920,   0.7740,   0.9540,   1.1390,   1.3110,   1.4920,   1.6660,   1.8420,   2.0220,   2.1960,   2.3790,   2.5450,   2.7240,   2.8940,   3.0700,   3.2440,   3.4190,   3.6020,   3.7750,   3.9600,   4.1520,   4.3310,  -4.5120,   0.0000,   0.0000,   0.0000,   0.0000,   0.0000,   0.0000,   0.0000,   0.0000,   0.0000
   0.2410,   0.4120,   0.5920,   0.7740,   0.9540,   1.1390,   1.3110,   1.4920,   1.6650,   1.8420,   2.0220,   2.1970,   2.3770,   2.5460,   2.7250,   2.8960,   3.0700,   3.2460,   3.4220,   3.6030,   3.7750,   3.9620,   4.1510,   4.3360,  -4.5140,   0.0000,   0.0000,   0.0000,   0.0000,   0.0000,   0.0000,   0.0000,   0.0000,   0.0000
   0.2410,   0.4120,   0.5920,   0.7740,   0.9540,   1.1390,   1.3120,   1.4920,   1.6660,   1.8420,   2.0230,   2.1970,   2.3780,   2.5460,   2.7250,   2.8960,   3.0710,   3.2470,   3.4250,   3.6060,   3.7770,   3.9650,   4.1530,   4.3400,  -4.5150,   0.0000,   0.0000,   0.0000,   0.0000,   0.0000,   0.0000,   0.0000,   0.0000,   0.0000
   0.2410,   0.4120,   0.5910,   0.7750,   0.9540,   1.1400,   1.3110,   1.4900,   1.6670,   1.8430,   2.0240,   2.1980,   2.3780,   2.5480,   2.7260,   2.8980,   3.0720,   3.2480,   3.4300,   3.6090,   3.7790,   3.9670,   4.1530,   4.3470,  -4.5160,   0.0000,   0.0000,   0.0000,   0.0000,   0.0000,   0.0000,   0.0000,   0.0000,   0.0000
   0.2410,   0.4130,   0.5910,   0.7750,   0.9540,   1.1400,   1.3110,   1.4900,   1.6660,   1.8430,   2.0240,   2.1990,   2.3780,   2.5490,   2.7250,   2.9000,   3.0740,   3.2510,   3.4320,   3.6100,   3.7820,   3.9710,   4.1540,   4.3530,  -4.5170,   0.0000,   0.0000,   0.0000,   0.0000,   0.0000,   0.0000,   0.0000,   0.0000,   0.0000
   0.2410,   0.4130,   0.5910,   0.7750,   0.9550,   1.1410,   1.3100,   1.4900,   1.6660,   1.8430,   2.0250,   2.2000,   2.3790,   2.5520,   2.7260,   2.9000,   3.0770,   3.2520,   3.4340,   3.6110,   3.7830,   3.9730,   4.1570,   4.3520,  -4.5170,   0.0000,   0.0000,   0.0000,   0.0000,   0.0000,   0.0000,   0.0000,   0.0000,   0.0000
   0.2410,   0.4120,   0.5910,   0.7750,   0.9550,   1.1420,   1.3100,   1.4910,   1.6670,   1.8430,   2.0260,   2.2000,   2.3780,   2.5530,   2.7270,   2.9030,   3.0790,   3.2540,   3.4340,   3.6140,   3.7870,   3.9750,   4.1580,   4.3560,  -4.5180,   0.0000,   0.0000,   0.0000,   0.0000,   0.0000,   0.0000,   0.0000,   0.0000,   0.0000
   0.2410,   0.4120,   0.5910,   0.7750,   0.9550,   1.1430,   1.3100,   1.4910,   1.6680,   1.8440,   2.0260,   2.2020,   2.3780,   2.5550,   2.7290,   2.9040,   3.0810,   3.2560,   3.4370,   3.6160,   3.7920,   3.9780,   4.1590,   4.3590,  -4.5170,   0.0000,   0.0000,   0.0000,   0.0000,   0.0000,   0.0000,   0.0000,   0.0000,   0.0000
   0.2400,   0.4120,   0.5910,   0.7750,   0.9550,   1.1430,   1.3100,   1.4910,   1.6700,   1.8450,   2.0260,   2.2030,   2.3820,   2.5580,   2.7290,   2.9060,   3.0830,   3.2590,   3.4390,   3.6180,   3.7950,   3.9820,   4.1650,   4.3590,  -4.5190,   0.0000,   0.0000,   0.0000,   0.0000,   0.0000,   0.0000,   0.0000,   0.0000,   0.0000
   0.2400,   0.4120,   0.5920,   0.7750,   0.9560,   1.1430,   1.3100,   1.4910,   1.6710,   1.8450,   2.0280,   2.2040,   2.3820,   2.5600,   2.7310,   2.9070,   3.0860,   3.2610,   3.4400,   3.6210,   3.8010,   3.9850,   4.1670,   4.3610,  -4.5190,   0.0000,   0.0000,   0.0000,   0.0000,   0.0000,   0.0000,   0.0000,   0.0000,   0.0000
   0.2400,   0.4120,   0.5920,   0.7760,   0.9560,   1.1420,   1.3100,   1.4910,   1.6710,   1.8470,   2.0280,   2.2040,   2.3830,   2.5610,   2.7310,   2.9090,   3.0880,   3.2650,   3.4430,   3.6220,   3.8040,   3.9890,   4.1710,   4.3620,   4.5580,   0.0000,   0.0000,   0.0000,   0.0000,   0.0000,   0.0000,   0.0000,   0.0000,   0.0000
   0.2400,   0.4120,   0.5920,   0.7760,   0.9560,   1.1410,   1.3100,   1.4910,   1.6730,   1.8470,   2.0290,   2.2040,   2.3850,   2.5620,   2.7340,   2.9100,   3.0900,   3.2680,   3.4460,   3.6260,   3.8060,   3.9920,   4.1740,   4.3620,   4.5590,   0.0000,   0.0000,   0.0000,   0.0000,   0.0000,   0.0000,   0.0000,   0.0000,   0.0000
   0.2400,   0.4120,   0.5920,   0.7760,   0.9560,   1.1400,   1.3100,   1.4910,   1.6730,   1.8480,   2.0290,   2.2050,   2.3870,   2.5630,   2.7360,   2.9120,   3.0910,   3.2710,   3.4490,   3.6310,   3.8100,   3.9960,   4.1770,   4.3710,   4.5640,   0.0000,   0.0000,   0.0000,   0.0000,   0.0000,   0.0000,   0.0000,   0.0000,   0.0000
   0.2400,   0.4120,   0.5920,   0.7760,   0.9570,   1.1390,   1.3100,   1.4920,   1.6730,   1.8500,   2.0300,   2.2060,   2.3890,   2.5640,   2.7370,   2.9140,   3.0940,   3.2740,   3.4510,   3.6350,   3.8150,   3.9980,   4.1830,   4.3730,   4.5690,   0.0000,   0.0000,   0.0000,   0.0000,   0.0000,   0.0000,   0.0000,   0.0000,   0.0000
   0.2400,   0.4130,   0.5920,   0.7760,   0.9570,   1.1390,   1.3100,   1.4920,   1.6740,   1.8510,   2.0320,   2.2060,   2.3900,   2.5650,   2.7390,   2.9150,   3.0960,   3.2770,   3.4520,   3.6380,   3.8190,   4.0030,   4.1880,   4.3760,   4.5740,   0.0000,   0.0000,   0.0000,   0.0000,   0.0000,   0.0000,   0.0000,   0.0000,   0.0000
   0.2410,   0.4130,   0.5920,   0.7760,   0.9570,   1.1380,   1.3100,   1.4930,   1.6740,   1.8510,   2.0340,   2.2080,   2.3890,   2.5660,   2.7410,   2.9170,   3.0970,   3.2790,   3.4570,   3.6440,   3.8210,   4.0050,   4.1900,   4.3800,   4.5770,   0.0000,   0.0000,   0.0000,   0.0000,   0.0000,   0.0000,   0.0000,   0.0000,   0.0000
   0.2410,   0.4130,   0.5920,   0.7770,   0.9580,   1.1390,   1.3110,   1.4930,   1.6740,   1.8530,   2.0350,   2.2100,   2.3910,   2.5670,   2.7430,   2.9200,   3.0980,   3.2820,   3.4610,   3.6470,   3.8230,   4.0080,   4.1890,   4.3830,   4.5820,   0.0000,   0.0000,   0.0000,   0.0000,   0.0000,   0.0000,   0.0000,   0.0000,   0.0000
   0.2410,   0.4140,   0.5920,   0.7770,   0.9580,   1.1390,   1.3110,   1.4940,   1.6750,   1.8530,   2.0370,   2.2120,   2.3920,   2.5680,   2.7460,   2.9230,   3.1020,   3.2840,   3.4620,   3.6510,   3.8270,   4.0120,   4.1930,   4.3870,   4.5860,   0.0000,   0.0000,   0.0000,   0.0000,   0.0000,   0.0000,   0.0000,   0.0000,   0.0000
   0.2410,   0.4140,   0.5930,   0.7770,   0.9590,   1.1400,   1.3110,   1.4950,   1.6760,   1.8550,   2.0390,   2.2140,   2.3930,   2.5710,   2.7470,   2.9260,   3.1040,   3.2870,   3.4670,   3.6530,   3.8320,   4.0170,   4.1960,   4.3920,   4.5940,   0.0000,   0.0000,   0.0000,   0.0000,   0.0000,   0.0000,   0.0000,   0.0000,   0.0000
   0.2410,   0.4150,   0.5930,   0.7770,   0.9600,   1.1410,   1.3120,   1.4960,   1.6770,   1.8570,   2.0410,   2.2160,   2.3930,   2.5710,   2.7490,   2.9290,   3.1070,   3.2900,   3.4720,   3.6550,   3.8390,   4.0230,   4.2000,   4.3950,   4.5980,   0.0000,   0.0000,   0.0000,   0.0000,   0.0000,   0.0000,   0.0000,   0.0000,   0.0000
   0.2420,   0.4150,   0.5940,   0.7780,   0.9610,   1.1420,   1.3130,   1.4960,   1.6790,   1.8580,   2.0430,   2.2190,   2.3950,   2.5740,   2.7510,   2.9310,   3.1090,   3.2940,   3.4780,   3.6600,   3.8420,   4.0290,   4.2030,   4.3980,   4.6010,   0.0000,   0.0000,   0.0000,   0.0000,   0.0000,   0.0000,   0.0000,   0.0000,   0.0000
   0.2420,   0.4150,   0.5940,   0.7780,   0.9610,   1.1430,   1.3130,   1.4960,   1.6800,   1.8590,   2.0440,   2.2210,   2.3980,   2.5760,   2.7520,   2.9340,   3.1120,   3.2960,   3.4810,   3.6630,   3.8460,   4.0350,   4.2060,   4.4000,   4.6050,   0.0000,   0.0000,   0.0000,   0.0000,   0.0000,   0.0000,   0.0000,   0.0000,   0.0000
   0.2420,   0.4160,   0.5950,   0.7790,   0.9620,   1.1440,   1.3140,   1.4970,   1.6810,   1.8600,   2.0450,   2.2230,   2.4000,   2.5780,   2.7550,   2.9380,   3.1160,   3.3000,   3.4840,   3.6650,   3.8510,   4.0390,   4.2100,   4.4030,   4.6120,   0.0000,   0.0000,   0.0000,   0.0000,   0.0000,   0.0000,   0.0000,   0.0000,   0.0000
   0.2420,   0.4160,   0.5950,   0.7790,   0.9630,   1.1450,   1.3150,   1.4970,   1.6830,   1.8620,   2.0460,   2.2240,   2.4010,   2.5810,   2.7570,   2.9400,   3.1190,   3.3040,   3.4860,   3.6690,   3.8570,   4.0440,   4.2190,   4.4090,   4.6200,   0.0000,   0.0000,   0.0000,   0.0000,   0.0000,   0.0000,   0.0000,   0.0000,   0.0000
   0.2420,   0.4160,   0.5960,   0.7790,   0.9640,   1.1470,   1.3150,   1.4980,   1.6840,   1.8630,   2.0460,   2.2260,   2.4030,   2.5840,   2.7590,   2.9420,   3.1200,   3.3080,   3.4920,   3.6740,   3.8620,   4.0490,   4.2240,   4.4140,   4.6340,   0.0000,   0.0000,   0.0000,   0.0000,   0.0000,   0.0000,   0.0000,   0.0000,   0.0000
   0.2430,   0.4160,   0.5960,   0.7790,   0.9660,   1.1480,   1.3160,   1.4990,   1.6850,   1.8640,   2.0480,   2.2270,   2.4050,   2.5850,   2.7620,   2.9450,   3.1230,   3.3100,   3.4930,   3.6790,   3.8670,   4.0540,   4.2310,   4.4210,   4.6410,   0.0000,   0.0000,   0.0000,   0.0000,   0.0000,   0.0000,   0.0000,   0.0000,   0.0000
   0.2430,   0.4160,   0.5970,   0.7790,   0.9660,   1.1480,   1.3170,   1.5000,   1.6860,   1.8640,   2.0490,   2.2270,   2.4070,   2.5890,   2.7640,   2.9480,   3.1250,   3.3140,   3.4940,   3.6840,   3.8680,   4.0570,   4.2370,   4.4280,   4.6410,   0.0000,   0.0000,   0.0000,   0.0000,   0.0000,   0.0000,   0.0000,   0.0000,   0.0000
   0.2430,   0.4170,   0.5980,   0.7800,   0.9660,   1.1490,   1.3170,   1.5010,   1.6860,   1.8650,   2.0500,   2.2280,   2.4080,   2.5900,   2.7670,   2.9510,   3.1270,   3.3160,   3.4970,   3.6850,   3.8730,   4.0630,   4.2420,   4.4360,   4.6440,   0.0000,   0.0000,   0.0000,   0.0000,   0.0000,   0.0000,   0.0000,   0.0000,   0.0000
   0.2430,   0.4170,   0.5980,   0.7800,   0.9680,   1.1490,   1.3170,   1.5010,   1.6880,   1.8660,   2.0500,   2.2280,   2.4090,   2.5910,   2.7690,   2.9540,   3.1300,   3.3190,   3.5000,   3.6880,   3.8750,   4.0650,   4.2490,   4.4440,   4.6580,   0.0000,   0.0000,   0.0000,   0.0000,   0.0000,   0.0000,   0.0000,   0.0000,   0.0000
   0.2440,   0.4180,   0.5990,   0.7800,   0.9690,   1.1500,   1.3180,   1.5010,   1.6890,   1.8660,   2.0500,   2.2290,   2.4100,   2.5930,   2.7710,   2.9560,   3.1340,   3.3190,   3.5040,   3.6920,   3.8800,   4.0720,   4.2550,   4.4500,   4.6630,   0.0000,   0.0000,   0.0000,   0.0000,   0.0000,   0.0000,   0.0000,   0.0000,   0.0000
   0.2440,   0.4180,   0.6000,   0.7800,   0.9690,   1.1510,   1.3180,   1.5020,   1.6900,   1.8680,   2.0510,   2.2310,   2.4120,   2.5940,   2.7720,   2.9570,   3.1370,   3.3220,   3.5070,   3.6950,   3.8830,   4.0750,   4.2590,   4.4540,   4.6670,   0.0000,   0.0000,   0.0000,   0.0000,   0.0000,   0.0000,   0.0000,   0.0000,   0.0000
   0.2440,   0.4180,   0.6000,   0.7800,   0.9700,   1.1520,   1.3200,   1.5030,   1.6920,   1.8700,   2.0510,   2.2320,   2.4140,   2.5950,   2.7750,   2.9590,   3.1400,   3.3240,   3.5090,   3.6970,   3.8860,   4.0760,   4.2640,   4.4590,   4.6620,   0.0000,   0.0000,   0.0000,   0.0000,   0.0000,   0.0000,   0.0000,   0.0000,   0.0000
   0.2440,   0.4180,   0.6000,   0.7810,   0.9700,   1.1520,   1.3210,   1.5040,   1.6930,   1.8710,   2.0510,   2.2340,   2.4150,   2.5970,   2.7770,   2.9600,   3.1430,   3.3260,   3.5120,   3.6990,   3.8890,   4.0810,   4.2660,   4.4630,   4.6630,   0.0000,   0.0000,   0.0000,   0.0000,   0.0000,   0.0000,   0.0000,   0.0000,   0.0000
   0.2440,   0.4190,   0.6010,   0.7810,   0.9710,   1.1530,   1.3210,   1.5050,   1.6940,   1.8720,   2.0520,   2.2360,   2.4160,   2.5980,   2.7790,   2.9630,   3.1450,   3.3280,   3.5150,   3.6990,   3.8920,   4.0820,   4.2710,   4.4610,   4.6760,   0.0000,   0.0000,   0.0000,   0.0000,   0.0000,   0.0000,   0.0000,   0.0000,   0.0000
   0.2440,   0.4190,   0.6010,   0.7810,   0.9720,   1.1540,   1.3230,   1.5060,   1.6960,   1.8740,   2.0530,   2.2380,   2.4180,   2.6000,   2.7800,   2.9650,   3.1480,   3.3300,   3.5180,   3.7020,   3.8940,   4.0840,   4.2740,   4.4650,   4.6860,   0.0000,   0.0000,   0.0000,   0.0000,   0.0000,   0.0000,   0.0000,   0.0000,   0.0000
   0.2440,   0.4200,   0.6010,   0.7810,   0.9720,   1.1550,   1.3240,   1.5080,   1.6960,   1.8750,   2.0550,   2.2390,   2.4200,   2.6020,   2.7820,   2.9680,   3.1500,   3.3330,   3.5200,   3.7050,   3.8970,   4.0870,   4.2760,   4.4690,   4.6860,   0.0000,   0.0000,   0.0000,   0.0000,   0.0000,   0.0000,   0.0000,   0.0000,   0.0000
   0.2450,   0.4200,   0.6020,   0.7810,   0.9730,   1.1560,   1.3250,   1.5090,   1.6970,   1.8770,   2.0590,   2.2420,   2.4220,   2.6050,   2.7840,   2.9700,   3.1510,   3.3370,   3.5220,   3.7070,   3.8990,   4.0890,   4.2800,   4.4740,   4.6890,   0.0000,   0.0000,   0.0000,   0.0000,   0.0000,   0.0000,   0.0000,   0.0000,   0.0000
   0.2450,   0.4210,   0.6020,   0.7810,   0.9730,   1.1570,   1.3260,   1.5110,   1.6980,   1.8770,   2.0590,   2.2420,   2.4230,   2.6060,   2.7860,   2.9730,   3.1540,   3.3390,   3.5250,   3.7080,   3.9010,   4.0930,   4.2840,   4.4800,   4.6910,   0.0000,   0.0000,   0.0000,   0.0000,   0.0000,   0.0000,   0.0000,   0.0000,   0.0000
   0.2450,   0.4210,   0.6020,   0.7820,   0.9740,   1.1570,   1.3260,   1.5120,   1.6990,   1.8780,   2.0620,   2.2430,   2.4230,   2.6080,   2.7870,   2.9760,   3.1540,   3.3390,   3.5290,   3.7110,   3.9030,   4.0940,   4.2870,   4.4820,   4.6970,   0.0000,   0.0000,   0.0000,   0.0000,   0.0000,   0.0000,   0.0000,   0.0000,   0.0000
   0.2450,   0.4210,   0.6020,   0.7820,   0.9750,   1.1570,   1.3260,   1.5130,   1.7000,   1.8790,   2.0650,   2.2450,   2.4240,   2.6090,   2.7880,   2.9770,   3.1550,   3.3400,   3.5300,   3.7150,   3.9060,   4.0960,   4.2900,   4.4830,   4.7020,   0.0000,   0.0000,   0.0000,   0.0000,   0.0000,   0.0000,   0.0000,   0.0000,   0.0000
   0.2450,   0.4210,   0.6030,   0.7830,   0.9750,   1.1570,   1.3280,   1.5140,   1.7010,   1.8800,   2.0670,   2.2460,   2.4250,   2.6100,   2.7890,   2.9780,   3.1560,   3.3430,   3.5320,   3.7190,   3.9090,   4.1000,   4.2920,   4.4900,   4.7040,   0.0000,   0.0000,   0.0000,   0.0000,   0.0000,   0.0000,   0.0000,   0.0000,   0.0000
   0.2450,   0.4220,   0.6030,   0.7830,   0.9750,   1.1570,   1.3280,   1.5150,   1.7010,   1.8800,   2.0680,   2.2480,   2.4260,   2.6110,   2.7900,   2.9790,   3.1570,   3.3430,   3.5340,   3.7210,   3.9100,   4.1030,   4.2950,   4.4920,   4.7070,   0.0000,   0.0000,   0.0000,   0.0000,   0.0000,   0.0000,   0.0000,   0.0000,   0.0000
   0.2460,   0.4220,   0.6030,   0.7830,   0.9750,   1.1560,   1.3280,   1.5160,   1.7020,   1.8810,   2.0670,   2.2490,   2.4260,   2.6120,   2.7920,   2.9800,   3.1580,   3.3440,   3.5360,   3.7260,   3.9120,   4.1070,   4.2970,   4.4930,   4.7050,   0.0000,   0.0000,   0.0000,   0.0000,   0.0000,   0.0000,   0.0000,   0.0000,   0.0000
   0.2450,   0.4220,   0.6030,   0.7840,   0.9750,   1.1560,   1.3290,   1.5170,   1.7030,   1.8810,   2.0680,   2.2500,   2.4270,   2.6120,   2.7930,   2.9800,   3.1580,   3.3450,   3.5360,   3.7280,   3.9140,   4.1060,   4.2980,   4.4930,   4.7090,   0.0000,   0.0000,   0.0000,   0.0000,   0.0000,   0.0000,   0.0000,   0.0000,   0.0000
   0.2450,   0.4220,   0.6030,   0.7840,   0.9750,   1.1560,   1.3300,   1.5180,   1.7040,   1.8820,   2.0700,   2.2510,   2.4280,   2.6130,   2.7930,   2.9820,   3.1590,   3.3470,   3.5380,   3.7280,   3.9170,   4.1080,   4.2980,   4.4930,   4.7130,   0.0000,   0.0000,   0.0000,   0.0000,   0.0000,   0.0000,   0.0000,   0.0000,   0.0000
   0.2450,   0.4220,   0.6030,   0.7850,   0.9750,   1.1570,   1.3300,   1.5190,   1.7040,   1.8820,   2.0730,   2.2510,   2.4290,   2.6130,   2.7950,   2.9840,   3.1610,   3.3500,   3.5380,   3.7300,   3.9190,   4.1110,   4.3000,   4.4960,   4.7160,   0.0000,   0.0000,   0.0000,   0.0000,   0.0000,   0.0000,   0.0000,   0.0000,   0.0000
   0.2450,   0.4220,   0.6030,   0.7850,   0.9740,   1.1580,   1.3310,   1.5190,   1.7040,   1.8830,   2.0730,   2.2500,   2.4290,   2.6140,   2.7960,   2.9850,   3.1610,   3.3540,   3.5410,   3.7300,   3.9210,   4.1110,   4.3020,   4.4980,   4.7170,   0.0000,   0.0000,   0.0000,   0.0000,   0.0000,   0.0000,   0.0000,   0.0000,   0.0000
   0.2450,   0.4220,   0.6030,   0.7850,   0.9740,   1.1590,   1.3320,   1.5200,   1.7040,   1.8840,   2.0730,   2.2510,   2.4310,   2.6150,   2.7980,   2.9870,   3.1630,   3.3540,   3.5410,   3.7290,   3.9220,   4.1110,   4.3030,   4.5010,   4.7160,   0.0000,   0.0000,   0.0000,   0.0000,   0.0000,   0.0000,   0.0000,   0.0000,   0.0000
   0.2450,   0.4220,   0.6030,   0.7850,   0.9740,   1.1600,   1.3320,   1.5200,   1.7040,   1.8850,   2.0740,   2.2520,   2.4310,   2.6150,   2.8000,   2.9890,   3.1650,   3.3570,   3.5420,   3.7310,   3.9240,   4.1100,   4.3070,   4.5010,   4.7160,   0.0000,   0.0000,   0.0000,   0.0000,   0.0000,   0.0000,   0.0000,   0.0000,   0.0000
   0.2450,   0.4220,   0.6030,   0.7850,   0.9740,   1.1600,   1.3330,   1.5200,   1.7040,   1.8860,   2.0760,   2.2530,   2.4320,   2.6170,   2.8010,   2.9910,   3.1670,   3.3570,   3.5420,   3.7310,   3.9270,   4.1100,   4.3070,   4.5040,   4.7210,   0.0000,   0.0000,   0.0000,   0.0000,   0.0000,   0.0000,   0.0000,   0.0000,   0.0000
   0.2450,   0.4220,   0.6030,   0.7860,   0.9740,   1.1610,   1.3330,   1.5200,   1.7050,   1.8870,   2.0770,   2.2540,   2.4330,   2.6190,   2.8020,   2.9920,   3.1700,   3.3580,   3.5430,   3.7310,   3.9270,   4.1120,   4.3090,   4.5060,   4.7240,   0.0000,   0.0000,   0.0000,   0.0000,   0.0000,   0.0000,   0.0000,   0.0000,   0.0000
   0.2450,   0.4220,   0.6030,   0.7860,   0.9740,   1.1620,   1.3330,   1.5210,   1.7050,   1.8880,   2.0770,   2.2550,   2.4340,   2.6200,   2.8050,   2.9940,   3.1710,   3.3590,   3.5440,   3.7340,   3.9270,   4.1120,   4.3110,   4.5080,   4.7230,   0.0000,   0.0000,   0.0000,   0.0000,   0.0000,   0.0000,   0.0000,   0.0000,   0.0000
   0.2450,   0.4220,   0.6030,   0.7870,   0.9730,   1.1630,   1.3340,   1.5220,   1.7060,   1.8880,   2.0770,   2.2570,   2.4360,   2.6210,   2.8070,   2.9940,   3.1730,   3.3590,   3.5430,   3.7360,   3.9260,   4.1110,   4.3120,   4.5090,   4.7230,   0.0000,   0.0000,   0.0000,   0.0000,   0.0000,   0.0000,   0.0000,   0.0000,   0.0000
   0.2460,   0.4230,   0.6040,   0.7870,   0.9730,   1.1630,   1.3340,   1.5230,   1.7070,   1.8890,   2.0770,   2.2580,   2.4380,   2.6220,   2.8080,   2.9950,   3.1760,   3.3600,   3.5440,   3.7370,   3.9260,   4.1140,   4.3130,   4.5100,   4.7260,   0.0000,   0.0000,   0.0000,   0.0000,   0.0000,   0.0000,   0.0000,   0.0000,   0.0000
   0.2460,   0.4220,   0.6040,   0.7880,   0.9740,   1.1640,   1.3330,   1.5240,   1.7080,   1.8890,   2.0790,   2.2580,   2.4380,   2.6240,   2.8090,   2.9950,   3.1760,   3.3600,   3.5460,   3.7380,   3.9250,   4.1130,   4.3120,   4.5110,   4.7270,   0.0000,   0.0000,   0.0000,   0.0000,   0.0000,   0.0000,   0.0000,   0.0000,   0.0000
   0.2470,   0.4220,   0.6050,   0.7880,   0.9750,   1.1640,   1.3330,   1.5260,   1.7090,   1.8900,   2.0780,   2.2590,   2.4400,   2.6250,   2.8090,   2.9960,   3.1770,   3.3590,   3.5460,   3.7370,   3.9250,   4.1160,   4.3110,   4.5150,   4.7260,   0.0000,   0.0000,   0.0000,   0.0000,   0.0000,   0.0000,   0.0000,   0.0000,   0.0000
   0.2470,   0.4220,   0.6060,   0.7890,   0.9770,   1.1640,   1.3330,   1.5260,   1.7100,   1.8900,   2.0790,   2.2590,   2.4400,   2.6240,   2.8090,   2.9960,   3.1760,   3.3620,   3.5470,   3.7380,   3.9240,   4.1160,   4.3120,   4.5130,   4.7230,   0.0000,   0.0000,   0.0000,   0.0000,   0.0000,   0.0000,   0.0000,   0.0000,   0.0000
   0.2480,   0.4210,   0.6060,   0.7890,   0.9780,   1.1650,   1.3330,   1.5270,   1.7100,   1.8900,   2.0800,   2.2600,   2.4400,   2.6240,   2.8090,   2.9960,   3.1760,   3.3620,   3.5490,   3.7390,   3.9240,   4.1150,   4.3110,   4.5120,   4.7240,   0.0000,   0.0000,   0.0000,   0.0000,   0.0000,   0.0000,   0.0000,   0.0000,   0.0000
   0.2480,   0.4210,   0.6060,   0.7890,   0.9800,   1.1660,   1.3330,   1.5270,   1.7120,   1.8900,   2.0790,   2.2600,   2.4410,   2.6240,   2.8090,   2.9960,   3.1760,   3.3620,   3.5490,   3.7380,   3.9250,   4.1160,   4.3120,   4.5130,   4.7260,   0.0000,   0.0000,   0.0000,   0.0000,   0.0000,   0.0000,   0.0000,   0.0000,   0.0000
   0.2490,   0.4210,   0.6070,   0.7900,   0.9810,   1.1660,   1.3330,   1.5270,   1.7130,   1.8900,   2.0790,   2.2590,   2.4410,   2.6240,   2.8070,   2.9950,   3.1760,   3.3640,   3.5500,   3.7370,   3.9250,   4.1170,   4.3110,   4.5130,   4.7290,   0.0000,   0.0000,   0.0000,   0.0000,   0.0000,   0.0000,   0.0000,   0.0000,   0.0000
   0.2500,   0.4210,   0.6070,   0.7900,   0.9830,   1.1660,   1.3330,   1.5270,   1.7130,   1.8900,   2.0810,   2.2600,   2.4410,   2.6250,   2.8080,   2.9950,   3.1760,   3.3650,   3.5510,   3.7370,   3.9250,   4.1170,   4.3110,   4.5130,   4.7300,   0.0000,   0.0000,   0.0000,   0.0000,   0.0000,   0.0000,   0.0000,   0.0000,   0.0000
   0.2510,   0.4220,   0.6080,   0.7910,   0.9840,   1.1670,   1.3330,   1.5260,   1.7140,   1.8900,   2.0800,   2.2610,   2.4400,   2.6250,   2.8080,   2.9950,   3.1760,   3.3650,   3.5500,   3.7390,   3.9240,   4.1190,   4.3120,   4.5130,   4.7330,   0.0000,   0.0000,   0.0000,   0.0000,   0.0000,   0.0000,   0.0000,   0.0000,   0.0000
   0.2520,   0.4220,   0.6080,   0.7920,   0.9840,   1.1670,   1.3330,   1.5260,   1.7140,   1.8900,   2.0810,   2.2620,   2.4380,   2.6250,   2.8090,   2.9940,   3.1760,   3.3670,   3.5490,   3.7410,   3.9240,   4.1190,   4.3130,   4.5110,   4.7380,   0.0000,   0.0000,   0.0000,   0.0000,   0.0000,   0.0000,   0.0000,   0.0000,   0.0000
   0.2520,   0.4230,   0.6080,   0.7920,   0.9850,   1.1670,   1.3350,   1.5250,   1.7150,   1.8900,   2.0790,   2.2680,   2.4320,   2.6260,   2.8080,   2.9950,   3.1760,   3.3670,   3.5490,   3.7420,   3.9240,   4.1190,   4.3140,   4.5120,   4.7400,   0.0000,   0.0000,   0.0000,   0.0000,   0.0000,   0.0000,   0.0000,   0.0000,   0.0000
   0.2520,   0.4230,   0.6090,   0.7920,   0.9850,   1.1680,   1.3350,   1.5240,   1.7160,   1.8880,   2.0780,   2.2740,   2.4270,   2.6260,   2.8090,   2.9950,   3.1760,   3.3660,   3.5480,   3.7420,   3.9230,   4.1200,   4.3140,   4.5110,   4.7370,   0.0000,   0.0000,   0.0000,   0.0000,   0.0000,   0.0000,   0.0000,   0.0000,   0.0000
   0.2520,   0.4240,   0.6090,   0.7920,   0.9850,   1.1670,   1.3360,   1.5240,   1.7150,   1.8890,   2.0790,   2.2740,   2.4260,   2.6260,   2.8090,   2.9950,   3.1760,   3.3670,   3.5480,   3.7410,   3.9230,   4.1180,   4.3130,   4.5100,   4.7400,   0.0000,   0.0000,   0.0000,   0.0000,   0.0000,   0.0000,   0.0000,   0.0000,   0.0000
